3956
17607
6348
1977
12118
16174
15458
7303
12342
7362
6010
11355
4887
16670
12031
11445
9572
10232
7098
620
12412
13188
16712
7691
1913
3250
7334
15042
10604
19376
15761
1664
339
9941
15941
12057
4103
591
14661
4922
6187
18443
11616
1898
12408
4526
9333
9605
17673
8405
18169
17875
2990
11265
18919
15465
16744
356
13173
3614
9636
16032
1338
4841
17323
8662
9450
18425
2478
7487
1079
1805
5578
8667
8825
1832
7416
12773
7477
12427
7918
14612
7998
3610
1433
4282
1671
1726
5631
13255
5012
11028
18347
2060
13154
453
6127
194
11114
4325
3554
11382
14733
8741
4272
9285
5675
11537
9634
9088
13248
8622
15553
16959
8203
2781
2691
15124
6351
9757
10651
10420
965
2764
19610
77
12053
14597
3026
14054
12476
1707
9693
18302
19223
10905
11147
15978
2656
19352
15930
7755
15788
4808
18673
11632
2303
8094
8450
9354
16786
16268
2290
2695
4424
10859
13391
12911
3966
4598
4084
13876
13064
9607
8263
11864
8058
2132
1351
15089
805
16529
13710
18081
949
5191
11824
393
17426
18857
13317
8152
18194
15855
3650
11291
6625
11065
15625
15137
819
5800
18241
16985
115
3897
4019
10069
7204
2693
18177
2124
13874
9248
15902
9641
2843
2334
16408
8544
1859
8118
1521
16519
5061
5761
19440
1183
2042
15324
1737
1848
1826
17313
14038
2040
17214
16640
1002
14754
4118
839
7159
6850
7007
18882
11309
4101
13271
18787
7073
12267
4649
18719
13308
15532
9227
7255
12133
11766
3595
19325
1214
2716
4002
12889
16622
14966
9239
19282
16676
9302
13300
7860
8658
6248
5303
18531
15929
6321
10890
7048
18074
6960
1541
18980
7599
18166
19408
2960
6450
12752
11152
18929
18201
4240
13286
13076
19368
12601
2588
3276
5945
5280
155
3056
12176
15787
8414
16507
4767
19273
14398
6549
1817
13166
4315
9110
10917
17508
12671
18124
5731
18051
6522
1784
3177
7256
5050
11472
8913
11962
2749
3270
14033
3112
19171
17884
13900
1535
16420
19003
18204
3597
7776
5913
1147
4275
8427
3170
736
1722
18343
1670
13617
19179
3792
121
4660
1429
6519
935
16398
1746
10989
9755
6208
14744
4633
14802
2243
5176
13841
14110
15488
5052
16254
1313
6749
22
19634
6779
12238
6580
7008
8419
10898
1112
13502
17094
19236
16147
8843
6835
9355
14848
8495
19421
11570
5539
15931
2545
17329
5962
19217
19340
588
3781
7591
15210
7280
13207
15977
6277
1241
18804
6029
3318
10132
8999
1843
4583
8707
18218
15024
3303
11097
9055
780
11213
17172
5696
13755
18448
3760
1448
16695
16072
7742
13734
7409
2582
8716
17605
18487
8807
1821
5113
609
12321
19001
18171
1591
10348
15121
17880
2795
468
4609
18938
6808
10378
2677
15328
2117
6337
17971
16116
15749
8340
6170
15460
15154
7986
4956
11922
2091
16797
2439
16053
13349
17054
17475
6975
19229
19210
12955
9300
7715
11227
7634
15944
16947
14379
8221
4873
7758
7438
16541
3745
1475
9814
15583
2230
13157
4688
7979
12307
12443
5590
1210
1442
6205
15501
17196
18427
18026
13931
7115
6238
16323
8775
9896
13696
10386
2538
16274
14728
15221
15979
2630
4068
9048
4004
15496
2928
5451
178
3322
7770
9194
16236
2875
11681
11386
11334
17435
13576
4313
13169
14645
15383
15000
16667
15960
9825
16460
14566
11563
18255
5669
19303
10432
1458
18513
147
11140
6800
10717
1779
6679
11617
12865
16079
2215
1613
15143
12753
3536
6955
9201
12769
12974
5823
2051
13176
7318
6158
499
13421
16258
19629
16291
3980
3684
12613
1488
4263
15069
19152
4677
2616
12074
10891
14268
17906
1750
2741
1428
10726
8675
12209
17200
6970
16873
19527
14125
16461
8403
9811
14644
8379
4067
17474
17961
4363
14298
14935
16902
16776
18262
1644
2466
14066
2273
4597
18567
290
14030
8646
14252
15113
5579
2864
6181
18242
16439
3842
4744
12963
17212
6978
18667
16110
12526
9212
11846
17625
18403
2483
3351
18220
10349
11794
12447
19253
17770
8636
10361
7616
2956
4453
9168
3968
45
6706
17393
2854
2065
17749
11060
14655
10568
3846
3419
9988
18660
4475
5616
9276
4835
13126
10554
17485
3180
13282
18466
18293
1583
18147
12952
15295
5022
14893
6137
18836
19013
9123
457
3160
14314
11512
14787
10622
2777
5588
4981
13689
3774
6760
8251
653
17999
13095
13960
14542
641
19508
11019
19480
15699
18713
5723
6614
12432
11827
13114
3454
15112
18463
11167
6947
17158
6604
3577
4166
8046
3822
3872
1960
12386
17331
15365
7566
11788
16525
16325
7896
15903
18672
6758
686
6670
5384
13230
10117
10680
3965
15939
17395
17909
1334
5624
12584
566
4770
14452
4060
578
4086
7992
18609
5443
18889
4544
10461
3753
13883
4794
5221
10280
13594
1718
19592
9826
2357
59
7369
16885
11089
9732
9909
11398
3833
6864
2976
13323
15171
8354
67
8069
2440
7793
9885
1528
6550
16009
12056
11383
15533
4935
16068
6532
13716
1498
12762
13810
16105
10219
87
14003
17266
3346
18053
15972
9519
11257
16223
7855
990
18627
11627
16506
10556
3881
12839
3498
4462
4360
13066
5688
19100
3524
3228
12500
154
7321
14372
13431
11177
13052
6272
5189
17860
5403
6298
6624
12208
14578
2394
4984
11396
16907
4020
2172
8723
13220
9388
3921
9427
9839
3366
12330
3994
8831
14599
14688
17194
15315
9859
8355
2354
12495
17265
16553
15244
6762
18639
16043
57
18604
6619
7950
2977
5081
14163
3816
5421
9674
213
8826
16829
12436
11776
13929
2520
5863
13543
5870
15321
14887
19602
10885
18054
1604
2980
9159
11108
9380
19133
15029
3617
2653
14418
16415
15648
14560
11717
2310
1761
3308
9608
17374
14114
9515
1403
18311
12628
13068
19487
11009
16145
14365
16933
2027
6569
55
9876
13819
11306
13168
1105
14791
18593
1251
10308
2697
12399
10781
5835
16887
3463
11363
78
6696
15777
10457
18476
18818
11630
10299
5252
6279
9544
9764
9920
19077
6270
13542
817
1918
12872
4600
15760
266
15627
8214
9176
13926
223
497
2476
16607
6285
5479
1911
4380
1808
4779
1171
11113
6631
17386
7847
5073
5844
4236
6486
1363
2127
6344
16012
196
10423
1398
4774
5812
10158
4036
10202
7663
13630
15647
16825
3581
5111
6991
12035
9095
405
3564
8719
13557
3568
3758
13262
704
2444
10850
12686
11394
13254
14203
16350
12830
12284
9312
3439
16205
17861
15789
3942
13535
16372
9752
14785
2096
13094
16341
19207
3252
2902
13304
10865
2339
13295
9485
19205
9111
6078
8521
15860
18520
3759
17467
6544
5183
15629
1812
4228
18431
19292
2550
9907
3181
15202
3855
12788
14724
37
4698
8803
8933
18441
5053
7032
2370
9709
19384
16934
1727
16840
15825
13707
8501
8651
890
8715
14731
17153
4041
10243
14800
305
4159
13517
4267
17862
13872
12258
6456
17424
19037
17318
15093
3128
11975
7780
14605
28
15964
19425
9002
13730
11370
10939
11773
14470
5980
12253
9257
14813
1646
10344
10934
11132
18392
15232
13704
13329
1132
865
5419
15442
6200
17682
162
1342
9999
3360
2281
13320
11050
8698
16391
18378
10839
16798
18034
18250
9739
9187
14831
18111
16087
6434
4863
6209
10608
8266
6675
16533
17956
10631
14581
16418
9135
2915
6125
6401
6183
12324
9844
2788
10005
7253
2507
17346
1247
18360
3407
18486
3791
7914
2594
10125
12919
6096
1417
7023
17748
2192
13722
16333
3543
9067
1238
12595
16371
11165
9809
11480
18650
14799
9250
18379
17968
16056
12792
2183
6061
19551
11572
13600
9520
17118
7425
16273
10994
14690
7988
11836
17309
11806
8890
6333
18829
11421
8246
16472
2134
6603
15551
5900
15948
18619
6637
5253
11693
16634
18814
13997
4010
597
19581
4966
5997
7949
11700
10141
16293
10629
15923
1778
12632
18973
4399
18741
4825
9508
6365
11625
14833
4710
12886
18055
15954
3811
1478
11998
7749
3052
11754
10252
6810
11721
4294
19344
13452
2235
16883
18791
11085
8901
1148
16093
7278
18794
10237
17067
5963
10031
4941
3795
7577
5490
2965
2731
10899
6260
10115
13559
9649
11021
15959
9824
13584
5633
17174
9155
17631
3641
1219
13613
4295
13752
16554
13086
14756
18172
12516
18389
18300
10906
5538
615
5160
17811
13972
10008
1145
6616
6098
2119
11904
15122
2411
6363
9011
1804
3118
6510
15297
16608
9573
2793
16921
10478
11352
6113
9499
13699
15075
2887
3287
2314
422
835
3945
12990
6687
16725
9010
18600
1878
8151
15596
17168
6911
9286
19442
4763
5222
18445
3929
5843
8903
7698
2177
3878
246
12455
11518
7485
1422
2402
16423
12648
13121
6220
3772
7679
13822
4971
726
14061
1919
5994
1159
15867
18103
326
8126
12193
4173
6037
15892
5546
17869
2118
13834
3756
6962
851
9880
4910
3718
3625
8528
18048
10876
378
16267
5024
15127
17596
11214
14803
15192
10410
6172
5357
19622
13943
1067
9919
5133
1520
17040
5266
10643
4133
11252
6847
6695
3703
9936
3148
13374
3658
8149
16691
1626
7264
7225
3944
8790
6969
2451
12470
7956
4566
4147
14558
10561
14170
12505
10208
12217
16298
17016
17242
8130
1928
1844
11347
18341
3866
7865
5018
6641
16366
15375
10938
7163
7948
17216
10093
5240
12888
4901
16649
3306
6091
8821
14684
3651
13146
11148
7722
3910
17414
9442
14357
9090
9962
386
7937
17471
9293
5327
8399
13930
5874
19087
7671
18623
3016
13008
8043
6380
12060
12419
11799
6737
12095
18354
15279
18230
9633
12448
7857
1611
17496
9098
8299
6988
15362
516
860
17702
17789
18263
11332
16917
2870
6077
9621
12257
11556
15642
10909
11663
3501
1876
11436
17888
6223
4802
9648
5683
5485
17970
8546
15359
9934
14037
12917
17132
2006
8570
5337
6787
249
3813
16040
10415
7821
16674
11620
12961
14534
762
18285
12268
8233
12018
12663
14834
16156
17202
14092
14410
7266
18574
9974
15654
9921
4395
13167
15834
5937
1684
19065
6355
12846
16842
3336
17619
9013
13093
411
3035
13539
2836
14960
14955
21
5213
782
18481
8718
16085
14325
17142
7613
13200
122
44
15783
4905
2214
1491
20
16212
19148
16946
12784
310
2632
15728
11546
8678
6673
17608
18645
8393
14370
4754
542
7316
13072
19509
15810
4943
13268
480
8166
2123
17497
2891
3969
4586
7017
3279
4884
17152
15676
2151
16583
17795
15
16983
646
15385
10334
7165
5094
5257
1372
12978
3784
9647
15226
19321
2003
13521
10419
7810
8762
15882
17465
6718
3418
7795
8535
11967
6784
6765
3255
11968
14063
3377
5322
4235
2491
5649
6072
11373
12849
503
12564
10495
19130
6626
7437
3434
4927
18016
1771
13000
19116
6992
6660
3018
5277
7567
5290
5288
10596
15925
11986
11267
13098
14022
17494
11498
9395
1070
4400
17525
16564
17751
16816
4065
4039
4785
1197
15163
17316
175
4809
16785
15814
18290
3714
15260
5699
18841
12988
3068
10028
9121
3571
7170
13361
15405
11369
10558
7300
14223
13686
3904
18831
740
7618
6769
11064
15255
14010
11328
6389
2457
11305
7142
13056
1738
5751
1399
4957
2283
14609
5198
9424
10455
13902
11031
4392
13888
13171
15060
13601
8606
15343
9328
2194
3993
11803
1624
14797
14230
13101
11224
13256
11684
18280
18656
4900
10785
4266
12916
13846
17344
19284
14480
8713
76
16153
13800
19387
5851
15499
19401
9968
15703
13208
2989
10278
3940
1204
18578
14963
16750
14685
17408
13340
10618
17263
8780
19645
8294
7414
15768
487
18492
10565
13107
19242
14436
7710
12203
15714
10135
3217
15205
2356
8873
11494
12147
3947
11001
12969
9042
4958
8127
16296
18188
12083
7642
5682
10598
15594
17154
6142
10958
5523
13109
6289
16742
8042
9697
5038
17320
4346
11253
8298
8163
16630
1477
8885
703
11667
5947
10518
19488
5606
10671
6698
8802
10589
1857
5000
9645
2748
3301
9004
4375
18800
10772
12781
8142
18965
14263
19094
18175
5780
4259
12603
6541
13182
1900
2720
3556
10172
4706
4722
17002
15849
7128
1951
12983
5202
18996
14829
10902
6153
3174
16604
12199
17003
16540
1007
9280
11884
10592
1455
9244
3110
12079
7609
8835
8431
19350
5350
17711
17314
4254
7686
15745
18975
10010
8147
7123
489
4548
1340
18901
16961
7354
1140
3224
7140
18287
11008
8536
15511
8494
15156
2648
6987
632
15056
15563
10897
4783
10171
8339
14137
10185
18044
13488
8982
4536
14183
13982
7304
16897
17677
16784
10787
1198
5952
9560
8172
4197
5215
18407
11427
11279
2198
17402
16421
15351
14875
12896
13551
2298
997
10191
7466
3922
1391
6427
14320
14313
2534
9175
6539
9497
15434
16801
12338
1894
999
14997
10392
10825
13688
3628
3289
16042
16486
10296
11160
15242
1728
6134
16602
3592
2495
18720
18516
5338
17649
17195
2277
16555
443
13583
10952
12497
14630
13492
15850
10085
19139
2187
15254
6253
6226
2785
18952
6101
14146
12310
1972
1527
4114
2383
16230
17276
13637
11439
13377
13083
3154
16546
5684
12815
19277
14145
7109
3384
5744
4300
2518
13798
9234
12928
6015
6853
12529
4938
15293
985
9327
11105
2890
1186
17211
6823
9537
5131
10928
16483
8814
13815
18335
13140
16914
8931
8184
7482
2675
2723
3676
18014
19529
19383
6565
3707
2009
963
10137
16738
6234
1816
1687
17340
6464
1213
18899
7421
1218
7373
6757
6498
17548
15589
5178
8436
2205
879
1177
8097
15199
128
18291
8975
1787
14648
5316
19657
3901
5177
18692
355
2171
15175
9102
11732
3246
7434
3938
7174
4934
17391
14006
12424
19103
3974
9214
182
2441
19447
13496
3871
16993
14510
17907
14345
430
15083
12560
10313
1304
10953
4906
6280
18848
17218
15179
14482
16014
11839
6443
1072
11574
11034
12530
9081
10807
14242
4685
2381
10222
12207
11331
6400
3064
9786
9841
19196
695
17376
1672
10811
10340
6214
2844
9318
7110
8767
19214
5362
17133
3130
13326
7235
15384
2973
19404
8410
5325
6924
18685
5921
8583
3823
13541
16284
6986
8683
3923
4454
5147
7538
12076
8076
19067
16741
4872
10527
4141
7838
17432
9287
16539
265
12594
11096
7139
11843
7676
9798
7322
16743
5331
12697
14533
5072
16102
15573
5836
9840
1306
9678
9429
8301
10275
7081
2646
11296
8630
5152
4038
10442
19469
8210
5740
9500
10725
6424
3107
6451
381
941
17839
2758
18271
8855
1393
185
17438
15844
12137
12559
8408
13016
10364
3166
6672
6909
15157
9535
12315
7983
10555
4128
3936
17637
12904
1659
4691
7368
3817
17244
1883
13501
16839
19021
8437
18827
4739
10591
12973
9305
11792
15196
11996
3574
4063
983
17521
9858
15624
13671
16853
10493
17708
14141
1841
12124
12004
12643
13950
13847
4533
11976
12159
16370
15457
11417
4245
17052
7325
1814
6702
19004
13080
6240
9465
5620
16123
14422
4568
7445
14260
16720
15043
14721
5196
12226
12655
16216
18674
16390
6538
9074
18896
13449
14636
15134
9365
11902
3530
18941
8607
13676
9558
10552
14340
16523
14662
968
10766
15334
3319
3403
8930
13071
11534
9325
8771
12754
16301
3094
4912
13656
3065
8220
1657
4467
17687
7108
16552
18935
10667
11886
248
13026
5372
12318
1073
787
1292
13990
16673
12005
2702
8509
2344
7737
19423
10623
16280
3640
4524
8605
10657
11190
4189
1445
10081
15036
14679
5151
16140
16250
4299
15859
2837
16547
15619
3
13106
18907
12579
531
11777
8529
16355
16049
17489
13331
619
7359
1252
7385
8874
14034
19532
15685
5434
3746
2700
16336
8517
10035
2414
10633
1860
9439
8561
1566
9172
6296
8649
6475
19379
12260
4210
9614
9272
9609
2110
9200
1181
6212
17481
5714
1122
3273
7113
16781
7339
15796
12332
13879
5233
17293
7859
18956
14650
13735
13303
2417
3528
18033
10758
11889
7478
3879
17830
17537
19035
14964
14763
16422
3797
19596
17850
19136
498
16440
4030
6161
7692
4970
8072
4098
2497
4953
12985
17290
13851
7823
17076
9494
10424
13587
7455
14484
7222
2128
13247
16679
10988
1529
4717
2957
4195
9951
7818
2162
5807
17038
9819
15806
15644
5051
8827
6590
18731
2240
14898
15951
1742
11255
18134
19160
13832
15167
12098
5708
1641
6562
6273
5640
4247
12797
7083
137
1881
13054
7267
2533
15751
11326
6130
1301
16224
18264
14940
17986
7902
11204
8587
4130
4121
3752
19118
13525
12615
7432
7045
14202
4481
10619
10537
12684
17378
4792
9021
15628
5484
540
15004
12145
7727
13032
15672
7490
18129
747
18072
11029
2034
1507
14858
953
17389
11972
15162
12775
12244
5617
10546
19555
16381
9868
12527
4612
2625
3619
12789
15050
12677
1126
3394
17597
13306
7486
2237
5042
904
18021
11000
3634
17151
5405
2069
14360
18173
13015
8889
16054
463
89
17700
7136
19372
9911
18363
4516
1202
11074
3733
7667
1797
2338
8296
17486
12014
8448
4983
8257
988
18417
13483
17114
2140
1190
1504
6704
4117
19137
9335
11508
13119
19343
18768
12003
18161
7653
4113
13729
10769
12409
5820
11924
10062
18428
2641
17292
14460
572
16581
13472
6848
12637
1837
12347
15262
2591
9270
9282
5029
13102
17418
15657
471
1532
7328
18228
9243
16717
13833
10660
4231
9532
15737
13351
6761
16758
17833
6135
8660
12256
12343
13663
16600
16677
9540
5918
17933
4974
15018
9373
17456
6602
14175
8344
1269
16517
18742
8702
2067
5352
19007
14220
12994
10851
2141
3203
9299
11927
13548
6093
13549
6444
1158
9584
15871
1332
3127
16047
2859
16616
95
10193
639
1280
18123
10736
5184
12699
9291
6393
16545
18833
6936
472
18181
18395
11722
5115
9406
11526
16714
13213
11634
1825
15272
8617
16416
18554
7313
2708
3589
2308
6095
18939
10803
15120
4260
11590
8768
14120
17821
2571
15039
16989
8533
10982
3078
3060
1080
8004
15312
15285
2787
336
9696
12901
4080
13226
15884
8881
11932
19392
4439
7415
7812
14239
3049
9563
4659
2555
1203
15552
10070
12884
11957
16719
7736
13471
14686
9251
14759
403
9173
2799
14891
4398
15308
4734
16856
9892
3831
502
4170
19222
4629
13498
12606
12349
17053
9768
16722
16632
16966
12800
9565
11486
9197
15327
6872
3669
1517
13027
2905
6069
1089
13028
11258
18960
2186
10993
1346
7665
6083
8708
10868
12096
17841
18135
10465
18733
11294
3943
8053
5512
6829
12036
3884
10380
4647
1194
13463
17938
4515
8829
3620
6838
9723
4942
683
14794
8105
1367
3099
15282
8650
6887
2156
11473
18724
12000
15138
6149
17394
10681
671
14548
8593
501
14023
4558
1170
5495
2687
11321
17877
10640
15994
10112
14618
5883
18320
19246
4328
11817
9146
19266
7408
16538
8823
5656
15038
16063
14180
8619
7761
18618
13644
2367
8329
1585
875
18746
490
13388
6088
5423
9681
13339
14306
12180
19444
4232
6861
8860
7288
4804
11598
1862
10127
10686
19603
11054
8423
15686
18289
9158
12434
4618
12252
13238
16031
18461
16893
3125
14002
17807
907
18163
486
7491
12965
18631
18449
10843
8812
9628
5232
5137
15662
9477
9101
14929
11978
7748
7503
9323
16768
10792
18037
1497
600
6177
7097
1973
1169
1923
4821
483
7990
11912
19345
7133
1581
15021
4864
596
1237
15572
16601
3675
4853
18681
2849
8688
18247
13726
8129
2724
19285
11514
7705
18125
17302
7932
3263
6468
6514
8394
8645
4012
2485
13225
8114
2888
19589
9073
9108
8286
13145
5551
17074
19394
10297
12506
14106
655
19507
18146
7172
12570
18283
11146
9310
17223
12757
15864
8085
8406
3916
9673
3096
6241
8191
8984
2449
166
11584
18451
11405
6530
13946
5934
1288
2606
4797
1549
12944
3730
5351
7921
17088
8218
17731
848
10560
8638
13905
4996
2984
1281
8364
7035
15763
18810
5095
4903
10356
2532
16030
13402
2889
14987
11979
7169
12224
3427
643
16481
11555
17824
10702
15008
19611
18349
9781
8927
10307
6517
8953
6647
12599
7
15870
688
5629
6968
16723
10933
11603
2350
15518
7689
11539
4641
2380
14257
15387
8033
9661
5842
526
9094
7189
16194
15117
11931
84
3248
2135
5444
8054
18950
3178
17420
158
18153
5563
13718
9970
2540
18847
4269
2039
18658
6292
2138
15682
7969
6966
4875
6323
15094
8052
14793
5529
19231
19247
7862
19631
8156
7788
6305
11450
16152
11210
7783
12580
17017
3844
7155
1689
17829
5294
12067
12824
1934
12920
7792
1434
14080
11092
3927
19511
7201
11789
397
3212
10926
6194
17325
19583
17889
9489
14892
482
1550
10073
8119
11106
14107
1337
2438
14832
5036
15587
892
340
17534
6553
3145
19088
6534
5556
5516
18883
17635
8738
17335
488
10235
4836
11513
1084
6035
16078
12619
15256
10534
16021
10475
19157
5494
1709
11295
14586
1879
16176
5293
345
16302
17610
18279
8238
13923
3029
17043
18711
12894
521
3814
2611
3534
10050
5755
18205
8579
4184
10730
7965
13455
17409
13940
11692
8342
11218
14784
10026
1796
5056
13516
11573
15473
19348
4046
5472
16051
9594
2326
19110
12540
13909
12162
8659
16956
3481
5055
4495
12823
7712
4362
10655
18433
18402
18116
16485
4542
3699
9322
18199
17370
2401
15477
15991
16035
16373
10195
5462
1584
1963
8978
11588
6742
19459
18987
6409
222
6776
14979
11380
4908
827
460
14512
8040
15719
10970
17322
1743
17543
5600
9848
915
8321
8604
18061
13180
8904
10819
7356
8745
16245
987
5504
8434
19101
11345
13355
5605
1769
12856
370
3442
14623
13393
14745
19353
433
13693
1207
6126
8523
10972
2917
17683
4032
5463
292
11087
18200
12341
19653
19162
2372
18592
15354
3451
17379
3093
4201
12433
4251
8101
8582
18069
2462
2562
5603
2661
6196
12429
14138
10101
5986
2944
12143
6048
17601
15130
2492
11984
2221
17826
6720
9989
10054
12590
18825
10323
15252
17843
18132
7624
5135
8558
4726
8836
8022
4304
12092
18544
2991
16456
2458
6568
12059
11058
10997
4855
4701
5301
729
10937
14988
8928
7284
19119
14000
12958
17079
10621
16788
16290
1481
4175
14527
5093
3123
7971
2861
19190
337
15617
19339
10511
10221
9682
11757
14913
14716
11566
19230
10646
930
5860
3214
64
261
8240
3935
7922
3516
785
18078
4249
6778
1379
18705
958
5583
18726
2452
6402
2176
8415
7195
1906
16642
1777
5876
17549
4945
3193
7167
15419
3373
2994
17337
6635
7656
6652
5719
13399
9063
11426
18661
1647
15853
16706
8795
10775
15263
10399
9034
19371
7001
11015
477
10463
15569
17373
18097
11043
13311
10379
11434
9256
14109
8822
4082
6326
4812
12230
2251
11198
6903
12405
1786
7039
16512
16884
6435
9956
3605
10998
1907
5627
15097
2097
926
13824
14177
106
13021
8856
12474
13944
17299
6046
9908
5333
16940
9311
16516
12817
10250
8311
2442
3381
8056
8801
11849
8027
14143
8922
3103
1719
9059
2431
12070
16770
9552
12058
8632
17249
9131
5869
7958
226
18222
9894
9104
16803
11401
10228
12243
11404
4936
19367
1312
1747
1589
9857
14105
4318
18456
13962
10175
14888
15808
3709
9910
16978
4214
13842
8490
11719
8955
17425
325
2068
15407
1499
739
14504
2021
4253
966
17082
17564
4702
3875
15048
1259
15188
17137
9849
5157
11937
9856
11685
1699
13387
2544
4344
3748
6531
4289
12534
14234
1062
1310
13018
3557
1713
15288
4511
13309
15756
2018
15840
14495
12086
18792
5279
14552
8336
15109
17049
8440
15887
11611
15575
1201
18992
777
15724
16614
17973
3392
14622
12726
3142
12721
17085
4078
1048
15193
14095
4314
8062
12188
3502
8375
9683
3962
13414
5638
12525
10557
18615
11333
2970
11293
15019
11840
34
19566
12883
3783
17422
9977
11196
12967
3009
16693
7814
14089
8547
13816
15490
9617
8964
10585
10974
12105
216
12536
10354
11669
16678
12251
10627
12041
18799
3808
4418
12055
8277
17661
203
1849
18210
13219
10428
14294
9611
14100
1163
12629
546
10384
241
5289
1998
12662
10847
9235
1284
4252
10607
15316
6556
9670
19649
13231
1114
9361
800
4876
9472
129
4700
13236
11452
10823
2219
18811
18095
2432
7164
5207
12555
15772
18648
14327
4037
6431
3140
12703
9277
6895
6501
407
7657
19173
1064
4678
1278
5508
4064
5832
4028
13375
9958
712
12110
17510
2925
8596
4340
14135
3455
9667
18640
7310
7058
384
13233
3722
5668
13151
2216
10369
2264
2522
15400
3961
4327
18139
2301
16244
18782
10689
19502
13227
13723
18991
9385
17326
16059
7775
1599
11614
15373
8954
14539
13651
12303
16766
10770
11478
24
10480
10439
8080
18052
19385
9191
2174
15150
14657
5777
3192
11308
10871
6508
8633
6173
17193
13153
6709
13520
11119
14603
18760
15294
18880
12363
15833
18725
13666
12732
884
6329
12700
4624
8537
1157
17479
7684
8618
12727
3972
14456
17886
7515
6343
7391
314
18375
6521
5954
2077
2996
16442
5457
13512
3187
15894
7146
5659
2329
9258
18963
6615
15198
16569
12778
13038
11801
7973
4813
8157
13862
13828
700
3960
4550
16252
10723
952
10123
9905
2464
16413
5575
12182
16979
781
12403
8482
5210
17959
11595
1167
16026
5250
12275
2058
13507
16593
19520
17937
4242
10216
5149
11407
8488
14084
2955
18184
12250
17349
2376
11750
15519
6497
9006
17611
6961
13643
10639
18633
18429
9711
3877
7649
1260
6933
2133
6174
19142
14283
11481
4443
12270
507
6148
16188
15776
11694
17560
5772
6073
15580
11735
2166
16180
427
14276
15313
6798
11918
14619
14521
3686
8846
6447
4044
4745
4332
17149
1980
4868
4142
3333
19086
5794
1494
7250
18430
5597
16735
5670
14816
4291
6003
5705
13665
6057
14976
12734
10562
4412
9428
15765
6489
11219
8894
2934
6857
14812
18207
6752
3176
12832
12717
19296
19438
15278
10140
13728
9525
17614
2222
3603
4638
4305
17045
5437
12089
17427
3311
4423
6682
7916
16467
9037
18911
13924
14538
3365
17530
3559
16610
17359
13763
17001
5969
11109
9726
2900
18157
14567
11703
13899
1317
4611
12768
13243
12574
3778
13475
1547
4643
18195
11374
7453
19434
18398
14204
9664
7401
1052
6182
9945
350
5026
2170
8737
5655
16820
5678
6740
12119
16004
15410
5747
11928
3911
3769
19356
11522
18581
11229
7060
14882
9816
4110
12860
17897
9219
13482
7435
3364
5330
14391
2971
16218
1858
9070
4457
5536
15971
19489
6913
10788
13499
17972
5319
2272
5903
14698
9376
10160
15775
10157
16410
8589
8472
14217
6299
11172
14796
4185
17156
14687
17339
19608
13659
6249
14129
3995
5106
2038
18117
14469
2841
7904
7077
17584
17982
7561
10256
5101
16573
962
4689
17115
13112
13571
3241
15489
12062
16256
10198
11202
4023
2595
4571
10481
11484
278
1736
308
2271
11431
3754
7594
6546
1081
1575
16081
15740
18185
18223
6436
6701
13898
16338
5365
12838
2016
8910
13968
6972
16950
14828
2942
18002
17392
429
4869
7522
2759
604
1632
4071
8726
9351
10674
1515
937
15564
9893
12795
16331
11098
12019
5124
14176
10744
17871
2664
3893
14562
13392
6886
10164
19375
18064
2184
19522
2647
7426
1480
5677
10239
11631
9005
3280
6007
7647
9567
1344
19195
6022
8449
535
7271
5225
7931
12664
4780
2454
1378
16859
1967
13859
6658
4907
8656
12223
6312
68
17056
9694
13683
18075
13514
18944
16599
10204
15667
779
232
4610
6725
1291
16597
12174
3194
17788
2242
18675
7389
4425
1175
2309
10910
1136
5619
7138
5611
2112
12152
16832
17458
12533
4224
10840
7866
2526
243
8609
1143
18450
18914
9132
16668
967
15180
1533
13290
11433
610
16949
19523
548
14425
18331
6084
16321
91
7732
5711
11515
17183
6360
7127
5436
1544
7829
1971
18036
13343
165
13908
16163
13805
14316
17782
18654
2669
18976
11532
12080
6574
11254
8416
17623
19025
16247
9524
6567
5887
18702
7900
6052
9521
6880
8538
1856
8254
18971
1989
16436
12767
6192
13959
414
6171
7440
13380
13983
11315
18758
11193
7386
15396
15151
14525
4916
9590
462
2201
357
1924
5483
753
13061
11524
10355
18385
18469
275
4716
517
6331
4748
18489
1655
16980
2182
14765
14817
12553
6257
9818
442
2095
6463
7160
11205
10212
8899
8886
5449
19264
9368
17107
6806
4158
693
13823
11544
3245
16793
2106
451
6064
902
16424
16039
4924
16659
13647
16255
842
15483
16322
13570
681
5480
10954
14079
7574
2771
13925
16852
7631
3457
17229
19323
11163
12441
1121
11274
11079
701
12549
15630
1794
9759
9727
13097
3285
5088
19476
14900
4401
1572
7145
9401
11582
11443
17761
4167
18098
4193
4963
1142
8461
14700
18844
4478
16962
15133
18275
5168
16588
866
15268
15505
1522
8077
19366
7460
5383
16618
4895
9847
4040
8223
14647
4838
16636
17371
12622
9953
8867
202
14776
955
17943
11078
2019
9259
14430
238
15741
6607
8603
18642
18355
2554
18374
10817
3420
8692
5329
15339
5615
11035
15537
5968
6663
2883
17175
13608
1065
15071
8195
4429
2593
7229
4283
7100
4388
11022
4857
4650
13538
10932
17998
18533
7149
1129
12881
7364
2728
330
6368
5425
1465
14826
14884
12163
4382
16847
5493
16975
4778
8196
7730
12158
871
4089
13916
10966
12929
8516
5310
14503
19172
5385
11639
10199
7006
16360
5393
16211
7106
7291
13607
4652
19648
3086
5511
14047
1691
18208
3529
793
5932
12404
868
18158
6339
8132
19241
7518
14978
1033
3512
12491
5345
15759
6221
259
13062
16097
8207
17694
10949
9705
16783
17976
6165
18244
3089
5172
19189
7541
19182
12665
15423
18632
14764
17621
6484
5009
11533
2958
4967
13788
6859
16879
6476
13429
10372
12515
19599
2721
19373
6104
15114
19051
5787
18056
4233
17332
10809
3560
13396
15139
14722
5104
17679
4613
4834
12747
19020
9233
2062
10375
16120
8236
12108
10896
8320
15439
7047
17932
10862
2756
18837
6744
2920
7972
8087
19111
2480
2419
11018
172
4528
17128
16998
10737
16866
13996
8545
10668
9917
13005
4982
15491
1546
1932
16765
15367
16844
6516
10729
10121
15945
7789
15058
8837
11456
5461
13702
6500
3486
10174
14
19454
16394
8113
1050
18119
8413
14705
9625
14457
18945
15550
17120
13581
10458
901
11501
3471
6030
6081
19244
4126
6989
26
11091
17470
10944
11706
15774
13870
15399
16060
13546
18808
4155
12612
12873
4229
12997
15350
15632
13103
16692
13850
12326
10156
14713
5521
808
19276
13918
8013
2120
17228
16619
10528
818
4989
7398
7552
2435
3218
5967
11848
5471
12897
9236
11497
324
15095
3119
250
11440
13532
12464
17658
7279
17725
7666
17270
8425
618
12742
2703
16343
10875
5416
6384
19224
1638
6375
19138
7639
7648
3120
6654
1415
16233
8241
13075
10279
16499
16796
1261
4928
9076
19184
15970
19451
19030
19010
17278
4199
10867
8759
1438
19083
2620
209
4169
17853
3533
6116
1059
982
8774
14838
10476
15153
11952
654
3453
15794
11419
16204
3538
12327
7968
19106
2142
5397
16363
17406
8092
5241
493
18216
2642
1554
11379
8808
3602
14867
9972
14965
13506
12878
14266
7472
18576
6152
8567
15467
9288
5775
8530
7569
12704
2929
15876
7019
7805
15679
8091
10497
18281
9784
12027
1454
4940
1792
6842
2260
2763
19154
17779
6085
17237
11865
3339
2321
8810
2993
6163
11919
9616
16862
4998
742
6294
17917
7274
10311
10883
11101
11907
4556
3996
12317
8896
896
18314
9639
11767
3168
5722
4014
622
9444
7215
14680
12364
1968
4293
13234
11077
3532
18526
17029
2312
18231
16509
10460
15443
13206
13999
11125
17957
6211
7194
3104
17756
18149
7498
1453
10771
18424
14237
9790
15447
4471
1560
11797
2071
3967
14358
10893
5637
11659
9931
4261
11875
18488
6585
7695
9242
14019
13590
11084
3715
14168
4972
14229
13428
9690
13186
2780
16347
7555
4648
15148
14682
11838
9161
7022
8124
3345
3635
19095
1309
244
1102
16671
4553
15661
17057
7556
18193
9139
17093
11710
10920
16810
14413
1783
17923
16982
16397
14136
193
16383
12887
10884
12859
11879
13435
268
14851
970
15975
2270
2482
2712
2744
15829
14166
9976
5709
9619
18687
18020
11260
15243
12305
242
11656
14359
1730
12957
8956
1807
12127
14998
3682
13316
914
2352
10642
8314
2293
13307
8469
6193
9865
5880
10548
14486
4789
6217
19424
4731
9610
14485
8788
2486
1639
18669
9707
14715
7297
9933
8442
16572
17207
17947
17516
4311
18936
12120
2745
10006
9689
1557
16080
7413
19150
857
17773
5732
13376
993
7177
11746
7054
11699
16358
3933
5007
7787
15472
9047
4535
10872
13474
3837
2558
3444
5086
1074
9539
12379
2399
9488
8029
3570
12695
8986
7551
1741
15562
8208
4213
5706
18118
6470
18940
10253
2044
14462
12755
10635
1820
6218
16664
17944
7500
849
2529
8569
5632
3785
2092
3253
11605
12673
2779
2896
12841
3372
17698
18371
6478
2966
362
11678
3332
15066
18747
13409
10120
14007
1335
5643
15570
1502
13148
3780
15040
6561
13786
6216
14656
14611
13878
12966
17423
2652
5547
14186
12406
7292
6866
1355
10376
5779
11040
16326
18887
8914
12204
4712
5595
8165
2786
5522
10808
10045
8057
10678
18812
6594
3304
1443
4617
12837
13500
8457
8380
15358
9543
18605
7465
12938
3937
14224
7589
19430
6928
2672
327
18217
17517
18447
12232
18563
18151
5727
17387
19260
1156
19191
7543
4522
11724
11936
19641
12766
508
13244
5810
6000
13395
9901
16728
13790
10325
3358
7875
12458
16475
13574
17355
14972
10706
8464
19637
1767
1875
167
14773
15786
8963
14668
12398
15545
18670
9281
18613
16543
16184
16819
9245
19457
4225
16890
2858
12736
19586
13618
12672
12186
6353
6043
6684
17343
938
13984
9578
1110
673
1180
8373
14607
14975
18646
1810
3409
6124
16474
15290
4592
12482
1799
7208
12763
4137
11727
9978
7726
1220
5884
6385
17746
36
5654
18587
2740
11728
18999
9371
13998
9433
13036
7934
17520
7492
9012
17136
7251
2368
13394
12157
7355
14396
19019
7114
17766
9144
13582
7231
12301
10168
4191
4666
6432
7027
4672
12484
17722
10347
13573
17261
13827
17568
15164
12915
3541
16225
4278
5048
15581
1495
1249
11389
2968
17908
13245
3204
2268
10703
65
15705
3404
6910
14026
5703
9023
10644
6634
4347
14117
6732
144
6151
12524
19545
9469
446
17529
17461
8967
7982
10837
12452
10732
7989
18926
12259
7216
12685
19301
2206
5793
9735
14563
2297
18253
9049
11285
17616
12953
14676
3020
5580
245
2247
13444
5467
8532
5079
5977
1060
445
13768
8510
14505
17926
2453
1039
11195
18729
6403
5448
4630
17513
11855
18688
426
17675
10403
17680
15671
16568
12688
18873
15184
9983
1427
14886
17904
6047
2511
19400
1729
17187
17867
12746
8398
19185
187
4404
8349
17417
18863
13831
2909
9834
6458
9916
18828
19479
12844
3466
5908
15047
9170
3000
5142
6204
7919
2456
3998
3435
7396
6676
15149
12331
16122
14991
5801
16968
16626
7029
11430
8014
625
6651
5058
3522
15842
13288
17593
15484
15435
5767
18295
11287
19570
12496
11805
10923
607
16755
12125
2099
7021
1695
17759
12521
9657
5377
7475
8820
13802
18040
17642
12148
10810
11890
1603
16522
11881
3552
13211
11341
18986
171
10812
12358
9405
13920
15065
10895
17726
2377
2475
11384
11589
3044
10601
11415
10161
2847
7754
2828
12745
12402
18411
9316
10699
17089
12713
18025
18527
15621
16491
9666
14251
5297
19289
4326
2605
2609
7388
1362
16385
10421
18934
3137
1412
13240
16939
9601
13047
4525
13090
11317
5312
14406
18984
6858
9886
7484
1594
15838
4668
2265
15086
10314
11981
3278
6422
2821
8987
6694
16753
7383
925
271
7939
13971
15378
5305
19158
7463
18622
1949
9851
15402
9912
13556
792
4205
6934
10581
13223
4771
6948
14153
7480
9112
2208
11654
2643
4052
18084
16836
15547
5524
17099
18318
11554
8112
5318
13588
6092
1329
6011
4991
8565
12013
6317
18088
3323
680
6210
14518
3079
7740
8592
1328
3665
3483
1992
18091
16690
16470
698
4135
12228
9329
519
4203
1731
10271
6739
8842
12309
6349
2149
11610
15332
19499
10551
8559
11153
17444
8893
3232
969
12651
9579
74
6133
9530
13857
17453
1909
6446
6376
5960
5103
1763
6102
7843
2046
6506
7338
909
18236
7428
7283
14274
1466
14743
14635
16330
13480
15517
13029
3729
5411
239
3648
6908
3388
1665
2615
8919
1282
9797
2361
4605
11718
7365
11206
1833
2317
2474
16808
6239
10586
3687
19314
8770
14559
3661
6066
4862
5270
9642
2574
3623
19359
13914
3083
617
18598
1327
8443
17855
1176
13764
4580
16745
6690
12196
17800
15813
10575
15525
19176
13189
13652
14323
7897
4417
18003
18176
16482
18409
9029
18766
11184
3609
18045
17733
3300
23
19192
17595
7924
19405
198
6789
17006
888
1217
1675
15952
8067
3812
1927
10322
13291
16994
1993
9692
11769
18472
17144
9432
15999
16431
13736
12972
11558
4111
11571
3124
9542
17684
4094
13604
4891
11940
17707
813
5431
9924
12630
2820
5143
10870
3681
1897
18621
10822
18822
7417
10186
2159
260
12913
6689
17305
16487
3701
18104
3257
13554
1116
4239
1408
2059
1772
5923
6822
17741
18591
15356
9273
3918
11847
17874
16889
10806
4003
15011
16121
7587
14215
17515
438
4306
3114
6914
10286
5230
17618
15921
12935
18735
15448
9383
12050
14131
6429
5296
14319
17078
9630
18802
3832
9374
18819
6053
11314
16697
4854
746
8586
17236
7741
17671
8192
18438
19652
11359
14099
11780
14915
1870
10846
103
6617
5399
11591
16941
874
19168
7951
7553
771
19628
2086
5501
255
9538
4153
9891
3949
6258
15298
10377
8247
11107
6278
18145
2111
17817
15014
8164
7192
3236
5774
9264
15331
10813
12647
16292
19493
14140
17430
10319
1425
1330
12477
1035
15973
17654
4565
14556
17622
12475
13660
8099
18202
17720
8367
8872
10848
7887
12021
10793
7206
12146
4671
7062
12029
5846
16239
10500
14150
6483
18465
5272
14673
932
1569
4223
12804
229
12319
14758
17559
11636
3838
5180
7558
19443
90
19206
8391
18546
12880
3719
18947
6729
9400
5014
9106
18990
16181
12999
3755
7246
16963
13606
8624
8621
14873
14289
2985
2882
7286
16518
5658
12417
13839
7211
6526
9448
2807
14184
13265
2992
19149
4243
7545
9675
5015
10414
8994
16880
16930
404
11873
10027
8424
15235
18903
6021
17925
3975
5390
8497
8560
5601
12214
8806
12561
2471
11953
3691
3019
9874
15967
5907
38
12874
2392
13069
8032
4973
7330
14477
4752
14116
2362
10659
16304
12658
2782
1268
13491
18666
5754
11241
1303
6728
11063
14384
7652
15168
3794
11832
10965
5587
12026
692
14412
18299
11495
2654
14545
16179
17125
18612
13014
8804
7311
10765
9117
5367
6122
5543
5834
11909
10971
4405
12248
17765
17357
5961
10434
19163
8090
3591
1014
15579
9843
7771
450
19081
13299
10090
18523
2028
18610
8733
5975
15748
18191
13418
16905
4021
14350
10504
3793
13795
6421
11863
5125
12189
9882
3604
14158
375
690
17275
3535
12499
6406
804
14287
14378
3326
394
14895
13135
17141
5665
7757
13667
4594
5940
6564
17848
14865
9483
8786
5344
11070
17892
7423
13555
7817
16214
3015
5642
19564
6225
17138
13687
3295
11660
8972
3876
2892
10531
4303
2754
8699
15919
978
14343
3072
14155
10274
2269
3172
8462
12569
3352
3473
10040
15371
13371
4464
6595
4881
7028
14902
797
15103
15250
713
9813
11845
10711
3655
8473
14792
18738
19261
11162
16001
8084
12639
19655
11483
12934
18099
13367
15258
10663
18875
12090
11256
12836
9314
760
6459
6751
11051
6638
17993
2081
8892
17184
1920
5291
1341
2586
3284
12423
1034
4693
7410
3489
15337
7350
3550
2209
18499
13202
1404
8766
5432
12093
4871
10704
12566
3417
5005
14027
4776
17061
1450
12138
7376
4523
151
977
18156
12091
4483
7079
1514
2245
8783
15270
8576
11236
6303
4885
6287
15170
514
4833
19455
4964
1579
3555
10083
19203
19413
11624
6705
14192
5673
18442
5428
9128
13313
2830
12008
13675
5841
8845
8848
5939
3374
18876
16312
11618
4777
16117
18165
16320
11606
15497
11203
3830
8167
17952
4338
190
17641
663
2253
8154
1308
214
14574
9937
17106
15965
8451
9502
15437
16191
5550
14515
17437
1387
19576
15886
12502
13162
16559
1384
12400
2833
5369
7056
16972
5513
11638
12840
17576
176
12659
15208
19453
5010
14914
9343
15480
5453
12692
13534
5736
14201
6297
16269
15364
4181
15233
17010
6712
4461
3011
17582
12461
1305
4514
10638
10794
8782
6106
18370
1209
7464
19198
17362
17638
2102
2553
14945
18452
16812
10921
2667
17281
12462
13544
9717
3688
2152
4796
3695
14389
19617
14798
15461
9447
4075
10076
5906
17285
11705
6548
13194
12407
5084
18164
17528
5414
18457
1756
16306
17868
17345
16264
9408
3411
9366
13621
16736
7578
19121
12676
11424
15668
18110
1710
11557
19482
146
11046
8674
13674
1279
18696
17750
9510
16457
7064
348
927
11166
8181
5743
4496
15456
17778
2578
4196
18277
1873
13004
4581
9372
658
1622
2725
11545
16231
13889
16589
15283
13044
10178
9099
15096
5507
352
11428
7955
14632
7579
2950
9267
4615
11340
9879
17139
9268
4625
3805
11987
16476
12959
14678
4009
8280
6845
1419
4365
16493
11188
2093
11760
13390
1822
19155
12099
16824
14428
13179
9000
5450
6284
12819
8853
14133
5973
5786
15116
415
2964
19141
12850
1191
2633
16406
11248
13325
18115
19495
6025
12132
1555
14211
6055
13595
15452
15947
1000
12453
2663
17890
16542
3464
3369
509
17954
6362
18572
10387
9082
16158
5989
3146
8948
7739
334
15509
17013
19239
13494
9375
14475
2261
12129
15377
6804
9632
12247
12241
4993
7513
9793
9416
9035
8581
1324
13592
7858
10443
605
12649
2709
14072
12936
12610
6780
10004
15125
10509
15081
4308
10390
13372
12009
140
11149
9835
12385
8073
15837
845
13412
887
6386
18423
11543
11390
9900
18589
2517
17238
18932
14985
5569
5970
19591
18773
10430
428
9480
5676
537
11587
3606
14779
13853
16111
2769
19464
11808
12854
9776
6931
12131
6397
3269
2868
2719
48
7822
16584
3616
9738
18270
16689
16651
19431
14326
15338
13897
5746
3315
9627
12134
13132
8657
14766
2175
719
9948
16715
3572
6357
9991
12043
11995
56
5730
8926
3452
14127
15874
9495
11880
7346
10194
6453
9550
13235
15045
7600
8761
13860
8729
10298
4790
9402
10411
16857
17879
6606
412
8038
798
14243
4878
5541
10983
844
735
3190
5857
11560
957
4171
2733
11828
17267
11567
16228
14301
4755
13992
14044
1348
5742
7430
7085
14730
1901
15723
19225
7084
17364
11169
1235
1004
17665
18148
2249
7871
13973
14616
11548
9317
3914
16071
10057
17087
8074
12149
7213
15613
19000
6031
8500
17447
6665
6245
80
15998
11764
6870
3515
13700
15725
6304
12202
9019
17440
18606
4728
19467
12765
8227
3261
13280
11156
366
10505
4192
13814
17624
14069
10967
13381
6630
3596
5911
13785
3227
1472
3613
10260
11127
12701
18637
16364
15868
14809
14385
8289
6956
18602
5100
5499
14957
16620
6573
12751
12539
17730
12825
5612
3573
12689
6438
8640
11580
9218
2316
8231
17039
12780
4534
752
8751
16150
19399
13073
16898
891
10129
16235
17273
19062
18879
5752
16550
8949
2804
16938
13529
943
4917
15421
4161
5134
1595
4961
4527
13497
4316
675
17809
16701
9742
6008
16084
6070
17203
5430
709
1196
13994
3803
16222
7329
17145
3098
10246
10317
8531
18860
3660
9685
19075
2911
14014
6901
8215
2113
236
13205
12205
7372
18852
5625
4719
11144
4090
5594
6019
14420
12654
17729
11711
13503
16592
8551
16294
8900
2842
13849
14219
9870
2387
4500
9785
3144
14005
7236
17966
492
8484
8363
2988
1621
9057
10776
14741
12269
19605
6054
6228
8610
16450
18900
6628
12758
16731
8915
7662
18614
2535
529
2422
3544
1944
448
6213
15418
8322
9952
3951
19
16142
664
4584
18616
13450
13896
8016
9769
14426
4486
7870
6820
7528
7033
19288
15791
8120
1307
2331
17940
10931
613
2790
15847
18708
18679
14968
11173
15958
5465
14905
16427
2157
13283
14783
17279
7632
13197
17734
17024
4644
4913
12179
5888
14719
14423
19036
12361
9801
3431
18892
14986
13063
6577
5799
7080
3162
4447
9770
2238
18344
16984
7198
13045
19272
7240
8372
9586
3014
10060
18923
4493
12535
19416
3291
6713
13031
1612
19386
19473
17384
3828
15514
7963
159
467
13995
6984
7690
8183
369
4138
2757
4784
4932
18703
15181
3888
8282
10574
11702
11782
3298
17059
6545
2045
13209
8005
5845
14638
16899
306
19257
6791
1564
16631
4537
9745
10149
12466
12556
2413
7571
15907
10466
6611
5598
17110
14498
10682
2825
12381
96
6746
6460
7766
14768
17786
659
11785
12111
11199
15604
19313
4237
14164
9391
3082
13886
4620
6330
10826
466
4476
7674
6242
14208
9766
8270
8776
2026
17351
3223
11503
13658
16591
7984
7275
10389
18886
12987
1914
16013
17483
16807
5398
16173
11100
5110
13756
15757
15566
2660
7781
385
9379
13181
18561
15767
18532
4985
939
5702
4296
9662
17617
11851
17690
14890
13057
5245
419
16698
19357
16878
3885
11385
9597
8625
15995
886
14373
768
19220
7547
3487
16016
11463
12523
10864
11664
13976
6185
13041
14735
16495
10248
9626
15240
16401
9929
18006
8932
17620
17836
1818
9096
10422
4918
2020
12618
10098
16251
2904
1031
7055
2349
18706
18964
12835
12112
7061
10613
3017
3408
3368
300
520
8777
6145
15105
14081
14591
19063
15836
5955
15408
10853
17819
7687
13338
13887
1716
5697
5922
2527
19123
627
518
13579
13830
7576
4510
1152
10679
11779
13260
17396
3115
1165
10205
6034
12799
3149
18817
12728
7424
17591
5864
13969
4165
10690
4921
3725
17476
5376
6686
6252
15267
15900
12923
16953
8543
5591
6480
6974
5879
6319
15605
9466
6114
4658
2551
4312
1543
396
13407
2515
19577
1418
11466
3249
4509
1088
3077
8115
17721
10014
2122
12908
12454
11005
16702
17091
14361
5203
8487
10061
16814
6445
13705
6261
8489
4150
16635
17536
12290
7119
1108
10719
17797
14212
8739
1922
4265
544
17104
8577
2921
2075
2638
4081
9046
17916
3747
17044
10694
15347
15186
17113
9052
4042
17206
14866
12357
10182
5
8661
10462
10985
2465
9779
19145
11023
7067
15738
1580
12956
8980
1206
12201
16769
11943
16929
10798
5745
986
6572
17578
9008
3928
16973
2275
19092
5692
16654
5200
18159
624
1109
16683
14881
16561
7343
14206
10754
9651
9422
18
16435
17468
13787
18484
19389
7400
16473
1811
18313
13873
7351
14921
3852
832
748
4410
14209
15023
4449
10353
1773
17903
19174
6939
5315
16613
14241
4397
8122
11366
1568
8750
3161
13187
17852
7467
13039
19117
7585
8102
14461
1978
10077
7804
3399
283
19426
6191
12877
19595
636
7405
8198
10394
9691
7082
7718
2302
5762
8098
3005
9713
8188
15918
11232
15463
4856
17858
1678
15891
8382
16305
7228
9782
4051
6059
1223
5037
5074
7677
15571
12862
2470
2263
16213
10760
14850
10469
2569
5121
1226
18985
9412
7095
4669
9527
12806
11640
17014
13345
1447
12422
456
16775
18638
10981
9133
11798
6455
9255
7944
10860
18268
4323
12375
15319
7640
3829
13159
16113
11670
3499
1134
9040
12782
13580
14187
11489
12790
8460
15269
12088
3220
14441
13425
3292
3849
6099
16166
3244
14778
17348
10211
9038
9188
12981
9913
12706
9522
18093
4653
1574
8335
14402
13433
15445
539
19046
18050
9127
1009
2846
18942
8681
8447
5284
18931
16261
1840
