7882
10363
9963
2869
12690
14761
11644
14782
19411
13432
3199
19428
11942
15698
11212
1315
6115
6449
7738
18459
13128
10102
7947
587
388
15115
2382
12847
4222
16076
19534
4596
7899
6983
12786
14267
2742
13215
3977
18183
8316
13389
17252
4676
2434
6036
10126
9751
3508
17676
11280
10413
16627
10676
18928
4330
766
6724
9411
13453
5236
5792
9777
4979
3156
15485
10844
19650
2948
4683
13441
12544
15206
6190
17404
10750
10707
7020
4414
2826
9812
14240
6341
11138
12135
1740
7450
2997
6809
11073
10259
4810
3765
16924
8725
60
3698
4870
6050
2389
8327
12900
14228
6944
16175
17667
16549
2874
513
15041
13524
9451
7880
5097
2185
4684
19259
2583
4518
15110
13714
8968
10829
12140
754
19054
11410
9353
5466
12951
17955
4681
13410
11903
8337
13195
16036
1888
18238
3307
8331
6202
52
556
15943
1098
7721
12414
15584
8519
104
19518
14497
11453
12396
12054
12565
1634
9084
15376
7799
8599
10477
12891
5368
13002
240
7057
12421
7762
2324
14860
9178
17103
7894
17220
4686
10595
13612
11289
3807
4470
2772
10079
9719
8177
6890
3925
8515
6918
14025
16876
1751
421
18485
10431
10498
11350
1952
16809
3834
11425
12581
1474
15733
3191
2796
7529
15955
8600
6089
14642
9093
3545
16587
1943
3997
15746
9202
5515
12531
3327
5283
16171
18909
12210
972
4248
6674
14836
16835
2607
11298
6681
5891
10564
8883
9725
4356
1608
10034
15271
11850
13685
1946
5582
8135
2881
11422
8666
13550
4723
13379
14681
8116
17108
17034
5609
15033
15087
19474
13278
10179
18035
18136
19572
3057
8390
7910
7960
3185
15287
18728
17920
18142
2619
5976
16662
19263
10745
10104
4349
6790
2657
837
15700
9553
5167
17210
13443
2512
17645
7700
12263
3268
803
4713
8377
12015
19355
549
7333
19187
2747
8256
16951
5827
11207
4661
15061
18961
15799
12932
2481
5889
18406
4589
7660
14321
4992
19412
1530
6581
3469
4431
13487
13356
1956
8444
3865
12169
12714
14977
16874
14094
2774
17205
13951
18478
2897
12297
16596
1884
6398
15203
18519
12808
5782
19204
13803
15880
18712
1732
13470
1195
8174
7422
16964
19537
4288
14925
19166
9142
2877
5235
18326
7767
18916
4819
9484
19656
17255
11609
2473
17506
843
14620
19516
18127
19066
14596
15276
5585
4538
18024
8744
6883
774
14537
7141
7614
9576
18691
10576
15005
7844
3841
12192
18636
17987
19552
12968
8908
9254
418
11237
12450
13737
5389
9417
19126
7999
18162
16582
10187
10647
11134
5924
14771
8281
13384
17818
360
377
15523
12291
19109
18927
10206
1358
19328
12861
16335
18671
12562
3182
2173
18915
13334
157
16854
5071
5092
14419
13515
7026
11666
1462
14292
9119
432
10134
1962
13868
3734
16861
11731
18168
8141
8574
11934
4736
9124
4434
4980
13183
10159
3117
4714
6325
7816
18408
9817
11701
17547
9122
14387
8704
2755
10733
11231
17064
6038
14938
14660
9478
2154
6150
18510
12273
1173
6600
4005
5713
14767
16115
2873
17713
12970
6846
10901
15607
10764
9152
8824
11523
12219
4880
15010
4883
17215
2190
8833
4874
4129
15646
5415
19014
4654
3948
4858
7473
16615
10180
10017
16438
13892
8902
12743
17603
8421
13774
11461
15981
5188
12286
5953
8493
4149
8343
11914
15353
9997
6356
7129
10727
10295
7335
15034
10669
15857
7294
58
18415
13266
7745
1416
9765
1748
10799
916
18535
13614
18364
19624
6958
14128
3907
2975
6473
14708
8940
9562
1735
5666
11441
11057
12848
847
3843
14801
13869
17790
3653
1420
558
17213
12383
5308
14465
12592
7367
2248
3347
17439
10662
4426
5060
16148
9066
5535
17934
5417
5847
16595
7970
8458
1045
5895
12380
11988
6024
2017
11993
10887
16505
19388
1115
15530
19651
4353
15009
10672
4773
13713
17167
6313
6688
16928
5899
14864
16066
17716
11926
1262
5853
15427
7031
11520
15778
4587
12986
1276
19011
6786
17655
304
9162
6178
12266
16557
1364
3410
17466
11262
3039
3133
9780
13382
14549
15025
3213
5239
16106
12194
12221
10362
4851
15739
13811
5798
2088
14835
1233
2126
1085
19064
17831
6131
6377
7074
9778
2047
7906
4281
1933
4480
1258
13175
4456
16329
6318
19269
17737
7735
13172
15366
12316
4541
553
7747
2860
15291
2311
12160
15223
16345
16177
3867
12012
828
2384
3342
13089
12069
413
9700
9606
19311
16967
2254
10071
79
2577
15926
2502
16411
5527
14579
18133
8018
475
7180
562
16168
8695
11947
16834
19096
7891
4606
18432
14849
11174
10741
15709
6441
4209
11136
3566
13424
11189
17204
18951
3868
15966
6166
10525
18821
19361
11154
15068
10154
18908
1490
11929
9587
10184
18834
2041
16077
5243
9362
16997
13863
19009
18778
16752
1892
18754
5046
10833
10111
6461
14400
3815
6668
10066
9313
2618
6111
1930
8757
10900
11181
5258
16015
1745
15683
10573
2829
15554
7461
10594
10472
15997
15230
6237
8817
343
5057
17697
9209
2718
6710
2514
14933
3789
12588
6542
18664
18252
3085
13198
82
10579
16023
8679
9425
4859
3558
169
5464
11320
16083
1587
14303
14760
4178
19085
6836
17519
6229
13801
134
7317
1257
19129
18206
17452
10946
16058
18762
13314
14736
19441
8362
1113
10100
17222
19275
7059
18840
19613
15609
5353
9703
4590
644
17863
14517
3494
14749
297
3157
6649
5592
12948
19287
5552
12187
17849
14971
7066
2564
12272
13104
17985
2668
18553
3854
9100
1357
11033
6383
124
4274
5190
16334
11680
12281
15852
9283
15091
4015
1725
315
19621
5298
9714
12809
2169
11852
2341
11647
14250
2063
10072
13476
1556
5865
4727
8773
15236
13297
19530
13932
2313
7143
6708
13360
321
7936
2415
17297
1760
12779
7126
16633
2366
17086
9017
6543
2276
18862
11712
18893
11835
2083
3586
4962
15949
15620
8597
1839
14608
14827
18362
5985
2624
2927
19414
17100
18435
7411
6281
4180
10263
15412
13430
7441
2107
8498
11893
1969
16577
127
13792
18732
6661
14904
6235
10617
19071
17590
18846
8796
19252
13129
7724
10302
1674
1178
12558
7646
12827
7978
11786
4174
15839
3890
10590
18278
11541
877
5013
18340
13945
8594
6775
2424
4824
18680
14839
2217
602
1008
16019
5972
4345
7247
3238
12879
17579
13965
2146
4271
9031
10214
2090
2894
12314
8180
6086
11642
12369
9196
12698
17232
12979
5054
14769
12744
16118
11429
18630
1631
1688
7040
6523
18596
10393
11635
1524
2433
11496
1283
9458
12240
807
6302
15516
621
10927
1935
7352
7224
10245
9054
10367
13709
17140
3033
7563
10147
18209
6683
2610
14637
6734
18948
2348
8159
6900
6771
4762
13046
201
6976
8050
3266
1863
13298
14693
5070
3683
9153
4504
7147
4520
2776
10716
17111
2848
3645
7562
4823
16318
16977
15459
8
18420
751
4886
13473
7257
6597
3607
9881
7803
17876
6293
15600
2355
6169
13954
18470
12442
676
3353
7494
15310
9686
9020
15070
233
13456
13518
12498
5981
4350
18167
3749
8765
1955
16655
17253
8200
14936
10815
18009
6609
18693
19304
12984
13599
391
6949
14699
12348
5657
8496
19417
10128
4559
8917
8338
18296
4595
16652
14259
1793
18388
8332
11536
16430
685
996
14102
14279
7087
11837
9557
5867
3955
19169
17448
10067
10852
8981
14429
16791
5109
4999
18321
16918
9747
16833
19556
14869
17912
15006
13858
15397
15780
13053
16241
7611
12748
9741
8020
9252
17035
18382
15559
17754
16932
10368
17657
19501
18838
2410
10494
14147
4056
5087
6479
8879
17753
14088
19342
4747
14847
15693
894
1123
7557
3152
8121
1895
3992
10863
13416
9024
13937
16007
7205
14113
10288
17648
15201
9079
19319
17051
3963
18895
8061
13142
12416
3233
1681
5299
8998
7907
9668
12547
9899
10512
16818
17411
14734
16443
13978
1830
2784
17990
9503
2967
10082
12710
3510
17755
3206
15444
11714
11275
14309
9791
1230
14265
16069
2791
5404
16638
8844
14103
11047
17540
13522
6636
17878
17837
6388
4898
5607
2938
13589
7012
6408
17740
4831
3042
14954
16657
3856
474
3230
16022
9842
7319
5011
18517
5897
8520
7013
10029
17706
15793
14969
13513
2472
5681
7166
19409
17262
9289
10774
9297
4329
13793
18683
7702
1023
9939
16497
3357
11094
218
14790
13160
3062
17804
15773
5169
12543
17463
5733
2943
5408
17264
14570
9873
18789
5326
14664
11361
3989
9821
6097
9650
19542
2395
3737
3692
189
611
1069
5725
15735
17523
2768
11854
15416
5216
18643
11899
17674
18057
16425
1752
16447
19070
4105
666
14980
4287
1041
13715
19255
17186
12197
13890
2455
5826
12218
2914
16823
11738
13741
7153
15355
16351
3736
10955
16353
16011
10650
3506
6267
15691
11549
2916
13537
15144
1137
7959
6773
69
3331
1253
13933
16931
9935
8307
5824
13668
17522
9435
15372
12166
13099
11447
5737
763
5562
15326
4915
16515
16936
9612
15053
4673
14009
5381
2924
18946
795
1053
3041
6413
14885
12903
13366
13948
11913
10943
7151
7517
376
9053
9602
6794
14050
3580
9271
18397
18394
17652
6917
994
10795
1323
12109
18358
16875
5090
18219
3413
14786
3670
101
14573
920
9914
10673
2509
15342
18468
7402
10041
15877
19059
1905
12289
177
10912
19635
12206
15348
8000
6906
19008
10337
8185
17574
5076
4860
253
1015
17360
16711
19382
14516
49
13495
1493
6841
5328
14956
6999
14818
11883
13519
12927
7076
8805
14271
9336
759
9413
6821
3465
15812
5027
13751
14595
13877
4226
10197
11672
17842
2818
7137
3757
14639
13906
2751
15500
18694
7259
11378
1019
16428
481
12
19238
5400
16386
16684
5043
11183
16872
1565
19114
1436
8060
2649
12666
6469
8179
17883
4474
14161
12311
8019
19251
3302
2427
5223
6904
5567
1011
11197
16800
5148
12810
10486
43
8348
1016
6416
18871
12626
5422
15743
455
17381
19274
10539
12073
16514
863
9169
6452
19540
750
1619
18008
11833
16232
2738
294
16751
18775
14775
10582
4432
10009
8849
4988
11027
1446
13717
5105
9652
18753
14101
11338
18769
6290
13766
12843
98
12801
5929
18087
4124
2295
13677
19316
3438
6748
3723
12807
14659
7382
5068
5653
14091
19023
14962
18298
7187
5784
17182
8441
7760
13636
7366
13419
7769
88
7786
17450
9167
15535
569
16185
7633
12367
17287
14058
2032
14926
19072
4131
5364
116
638
16986
17699
10986
18793
14582
19639
5621
2305
8216
1444
2078
15102
1723
6801
3281
16008
11273
18959
17847
12638
19186
11804
12100
4420
14967
8851
9845
13568
17245
3513
8687
14165
1244
17827
6711
8580
9334
4718
11467
18904
5979
5500
12996
17004
1990
75
7668
1753
6825
5237
11329
14937
8764
17434
19309
18556
15865
15076
17881
1534
14043
15424
19633
4371
10507
7940
10339
5082
16260
7130
12082
637
15245
18721
17159
15826
4573
18830
6745
15275
11530
11623
10162
10011
10947
16682
6502
13769
11658
14770
13701
3097
2178
12869
18337
6184
15830
10043
312
17342
4840
17930
15938
11980
6807
14546
16434
13657
18954
9928
14253
17433
9278
18121
574
17763
17712
153
19390
5254
2961
8262
10285
10255
14508
15386
15961
17130
1757
15219
14315
19521
15614
4182
14388
7287
12037
8906
16132
3222
830
12722
15200
4104
17247
11688
12300
1077
4156
2378
6246
19514
4145
15107
13912
6788
19536
16672
3330
1189
2404
1463
3990
9509
6263
13025
8123
4663
5035
8724
3850
15526
14032
272
14427
6875
15259
1921
15716
18877
18542
2862
2437
13938
7088
5382
17769
4634
4951
2734
10122
2930
18751
14458
5386
9629
3864
18557
16586
12328
9445
5814
7542
13742
7672
16327
4708
8271
3355
7046
7824
19005
7991
1242
6959
16754
18716
8288
12117
4208
10326
6554
16772
9643
8003
18140
3987
10200
16062
15301
19134
12760
15382
1669
3839
11811
19609
4822
10514
19458
19227
947
11318
2007
9103
14020
16794
15417
9107
17742
8145
2876
9490
14172
12489
4357
133
14112
6358
3095
10471
207
19475
1172
3359
2337
12811
17282
16221
3889
13564
10915
4430
2053
4116
18809
9062
7105
7456
13335
9459
9134
1275
2940
8734
18761
8088
670
8096
6781
6394
4466
17401
1352
4292
16459
1686
7785
13363
13341
13680
17964
10177
2089
12068
15213
6448
2907
420
15937
16278
4687
3810
14718
441
16037
5892
14414
16707
1361
11695
14677
17571
6735
2698
8465
13572
11351
764
17714
10748
15549
9698
8232
7623
4904
18653
9721
1970
522
14455
13484
8613
7227
17491
2813
8989
6503
8418
2528
14179
14329
11464
18652
4198
6256
3221
6118
16248
19268
16991
18303
19074
7833
9065
5030
14490
14918
19477
485
7210
3919
6361
15185
9581
3869
18797
14190
11831
1516
17914
12608
14463
9773
17334
18284
3751
5286
8230
17784
13477
7101
16155
1432
11475
11842
16238
8428
164
11003
7479
9973
9292
3264
2029
889
14264
18399
2204
18568
10698
3649
4616
13059
11263
15858
9309
12384
17224
9975
7191
8506
2816
6885
18011
18073
7118
470
5623
18356
9228
1910
13324
212
19533
7347
3003
14643
5593
7927
389
893
6792
8476
18387
12616
5394
382
1538
7530
16034
17975
15835
15528
1666
6892
4766
5396
5146
5866
6195
5477
15658
8793
13378
8274
6891
11185
2496
4151
8395
5413
6462
6860
13856
9301
1703
380
2013
5141
8785
11752
464
16937
1997
16197
17586
9378
11228
12924
16159
12181
5165
11935
4301
17504
10626
14247
8117
15455
14476
3458
16444
11460
14487
14432
18138
10236
13577
9877
2645
14059
4087
1166
12340
9064
12200
6896
6782
3906
12568
4096
6080
1945
14447
18699
2229
13602
18995
17660
5069
12912
5599
18864
13315
5099
13116
8611
5206
5815
8279
4826
12191
9507
3565
8943
15106
2936
13246
5604
3310
13481
14601
19029
15118
11482
16734
11679
5628
13085
9342
10042
7711
7497
14641
10593
4795
17446
17484
9964
5558
5650
15506
6840
14083
15729
17509
4847
1700
8136
5704
6575
3986
15820
15370
17117
72
8186
12296
18890
9549
631
2345
19504
263
14995
560
1754
1505
11377
3008
11141
11608
15299
2831
18559
7307
18309
15851
11994
10614
3578
2671
18413
15731
9680
4579
1400
9830
16926
9890
14696
12486
18010
10039
1215
8653
3472
10571
17664
4091
506
16395
7565
8463
11020
14923
649
8935
12551
10578
5936
16531
13796
1986
7549
14012
14993
11178
2347
1643
3460
17219
66
6364
14269
19630
10327
7717
2626
112
799
3612
7719
6941
660
12024
8700
4631
17814
2461
2070
19038
18226
11966
515
5442
12028
17693
11781
6889
10496
14856
5429
17492
4662
1380
16028
10277
10804
4512
15848
852
10516
6570
640
1382
6307
11990
12302
18709
19002
598
18245
10483
13758
9253
19410
10287
383
2959
17042
279
14386
4436
12022
5468
11458
18265
14710
7961
1766
107
10264
14565
17913
9409
14496
5234
3121
7326
3476
3804
18013
9463
15281
14221
9803
400
12976
8720
9307
19525
5693
4507
16259
14371
4183
13670
6308
2048
4814
3344
10878
5275
7861
5795
14934
2506
14633
1802
5158
2523
13840
4218
4729
10522
7765
16628
1414
3540
4452
16189
5402
15736
18983
270
10951
17573
14532
8669
590
17181
18740
10675
10544
11586
10335
15631
9086
2145
846
4438
7186
13346
9946
6488
3371
2850
17022
16137
6188
18391
12242
17835
12509
15603
3335
3189
1846
18076
8760
10181
18229
2899
3860
1803
14160
4389
2573
10190
816
17131
786
16969
11621
15678
15161
4502
5085
3899
12233
12906
12741
15984
9496
6680
13882
7241
11039
1277
3053
13545
10282
17942
4351
5040
17482
7912
2005
4939
9454
16799
8868
13251
12392
371
4361
14762
19102
440
2224
17662
15879
4211
6067
17866
7800
15296
568
17018
2834
14862
6537
18322
18869
11740
17306
9744
8010
3551
6954
16124
17575
9204
2274
395
11130
6963
1265
17164
302
6996
16240
2912
791
6833
3656
409
17230
6496
16074
10801
10580
13510
8452
5720
17915
13017
9304
5778
6876
3480
2100
10752
3761
18372
3771
195
11286
16748
16669
17092
17353
6899
15425
1692
11599
17799
8864
7987
19618
1290
11825
19395
6132
17747
19234
15054
15843
18359
6396
3150
2878
11898
5264
3618
13149
16650
10304
9295
9032
13466
9903
6863
7658
1347
11180
3075
9684
3047
10977
2775
15225
14974
13150
14424
7305
11420
4190
15623
4738
9298
5852
10942
361
8584
17592
13413
13327
8816
5750
5304
16815
5734
8374
6629
7915
13778
16777
16270
14307
8265
8011
9404
6255
17555
6907
11908
2257
6700
18186
9377
4006
7825
7621
14514
16400
17518
8847
10984
18504
1411
13533
1851
15962
2557
7220
12624
12683
13770
27
11626
8438
8985
18496
6946
14346
5549
12391
2168
5492
8693
11775
9505
8103
1813
19449
2343
3859
6685
14877
10409
16945
13359
7344
3087
18977
18141
14001
5542
5809
10620
9470
16469
2951
1285
14970
4134
10708
18498
17009
9853
7168
500
11032
929
9457
16112
4646
17685
18317
12740
14354
12440
287
979
7459
16029
17023
2210
17031
5356
15466
13152
1168
5003
19642
6644
6869
11698
6656
18902
1392
16429
13454
9902
6923
16206
10064
5652
19526
51
19470
1370
11499
908
17941
12950
14889
3169
11217
1496
11961
9895
8628
8341
13451
16165
1957
19093
3615
14814
10502
3490
11583
11923
12614
19573
825
7107
7175
697
15711
10866
8909
8694
14071
12377
14990
5410
7608
9215
4168
12077
16135
10110
11538
4529
15585
14666
11815
3173
17565
5651
14093
254
2129
17480
13043
1297
3090
2729
10656
1929
11233
16101
1649
14653
9481
10089
4317
13681
836
15546
8941
465
11192
11129
3583
2986
18305
181
11713
15498
16170
15128
8226
2409
11576
1903
319
12479
13285
8564
15486
16282
2778
7078
2164
15577
18917
5614
3563
5025
17274
9600
2426
14610
19557
5066
18329
15641
19193
16138
5796
1482
4757
3450
14368
7849
13922
14606
6100
15264
14824
1711
4735
15750
13479
18483
6659
16379
10292
11316
16161
14806
8065
19039
7063
10338
8797
2705
10960
10569
5174
18815
1975
9740
11793
19290
4333
7327
13193
19175
18412
12855
19265
13155
3158
10373
2817
16641
3022
4764
6930
6467
1208
15129
6233
7586
3436
9028
7358
6465
14961
8273
5990
18032
10331
14097
4
4627
10858
19165
10305
18393
14362
3821
3474
18377
6922
6244
18565
15982
15665
1199
17840
18434
18361
5497
3594
19407
6884
13739
3587
1734
4955
16164
9217
5107
14296
17380
5446
11905
12866
12805
3027
14086
8306
2737
12463
2622
5564
19040
8566
7827
8957
3525
17651
4642
17135
18698
4827
109
5459
13893
4446
1155
8876
11371
4670
3202
7733
14522
9246
13915
13259
11259
14151
11602
3627
7230
6818
17668
14901
5974
19393
1010
16055
15782
1917
14464
9462
9492
2213
3179
10241
7873
14493
1001
8921
1931
17127
5217
3131
13405
16916
7158
3467
4950
16367
15905
18727
18765
4477
10402
17647
307
3293
1295
815
18028
13615
9618
2322
3447
17792
6536
4031
5840
8070
964
3952
12449
18306
14720
14367
5248
12277
19544
9591
13011
4699
1618
15990
9206
8297
8139
9950
9556
18897
12914
15611
1017
9888
17791
17887
6251
7439
4552
17643
16536
15234
1076
4818
15821
476
18180
17289
8602
11376
4505
1600
8863
15875
6583
16033
6108
9080
15241
11697
5534
12359
152
17488
7784
7043
31
10265
2560
7892
7499
1577
16919
8598
12798
3294
16612
12473
5064
1518
4341
8934
1421
15346
2614
12456
1150
9207
4212
19219
7005
4258
13065
7202
12575
12114
3504
4781
9731
19082
8252
12885
5083
12794
3219
3826
1542
5341
7977
10213
18682
11653
5268
17995
6141
13818
15862
14156
2131
17477
11643
7976
14064
633
459
19569
11191
13791
12992
18870
14029
16352
14738
12415
2022
16923
7157
8772
3205
1819
10233
8861
11896
14501
9523
19104
17070
5680
9033
1032
15599
9947
10797
18779
1013
293
9541
10209
19098
17336
6512
9071
8400
2808
8035
812
11451
9393
6805
12667
16609
1263
723
7185
6558
15920
17005
2580
13773
16688
7962
17688
15475
9774
10408
8333
1397
1356
3728
14195
9263
10743
3957
18027
12283
4623
15950
18038
6812
1558
13750
12017
16449
10470
3917
18022
15238
12227
13649
14049
17269
14613
9728
12909
19565
11372
3693
19378
4811
11939
7379
6175
13229
211
16465
14182
9898
10144
19298
2031
16412
17487
13257
14590
6425
7345
3827
3636
11465
1395
16574
1548
8048
8007
15873
6593
15764
5931
6156
1360
11857
10831
5901
2855
18404
11242
1749
17911
6300
1228
6259
9303
7002
7089
7826
2519
9001
6915
12724
3195
14004
8275
17977
7370
17277
18234
13078
4370
992
17170
9461
16580
8905
17469
8064
3503
6755
17026
12709
4092
16831
3735
3825
13275
19055
5995
16780
14337
9078
6657
18509
18505
13567
4162
7120
3196
14924
3853
9985
1733
13835
9456
4564
4221
5307
2165
3167
13353
14466
1677
13460
7636
8420
14333
6198
7889
4427
17311
2563
4000
19295
2792
9624
17551
10661
7926
18514
13117
5006
9775
125
18905
19397
11061
1896
9583
4919
8779
149
15237
7065
14544
439
17718
13964
8513
7249
1012
1410
478
14181
17441
12583
17854
6074
12225
16287
16279
12679
3256
10653
18625
13415
7302
17803
12995
6677
11930
4954
6023
17599
707
13164
19546
16324
13037
8736
15464
5175
12943
6557
17294
6613
16804
3657
16227
18737
11646
8284
2076
15017
14555
13357
1029
9039
13732
2429
4216
6981
3283
15369
14841
4563
4102
14912
9143
10615
199
18884
4892
4807
6793
15207
7911
10524
12793
1942
16048
19267
5017
8840
12605
9184
6354
1866
11662
14078
256
714
424
14299
1027
2880
859
14557
8235
11400
17124
8938
11346
10913
19490
2285
1221
7154
18783
13100
18521
8143
131
12735
4409
14305
716
4742
16537
12552
3102
15064
11720
5067
18570
6495
14275
14984
13196
18968
5194
13358
13368
15220
4054
6189
14318
8259
8568
392
15588
4033
13706
1273
4746
7815
18096
7496
19391
10780
15720
16237
3857
17846
9887
19322
524
16492
1440
11761
18850
11115
5902
17173
54
5123
12587
5002
4632
14188
9595
4364
3672
1959
5519
2315
2033
17757
13239
7363
1698
18937
16904
13398
15734
11093
14981
5773
6269
13767
2824
11820
2908
15046
1005
1658
8285
3391
806
5861
17063
10242
13672
12933
8945
3198
3773
11745
11577
1996
15195
10959
5791
555
3070
8366
18109
4960
13232
6997
5830
16196
7252
19598
5988
1405
14374
18066
2579
8260
9514
8182
17177
7593
18352
18339
14723
14897
17922
11916
9473
7519
16200
2179
3215
10360
18059
11733
12044
3030
6324
669
6927
11894
4187
5821
12255
3740
16089
18816
17567
6487
15565
5882
10739
10683
13991
8518
3882
10155
6110
12261
10709
387
1091
3470
11270
3443
7628
12591
16365
10405
19582
1915
18211
3599
4607
9987
14577
18067
14356
12977
9356
12156
18426
16281
1553
4707
7505
13190
1326
12511
523
10889
5610
9440
3930
17822
973
11553
33
18353
16000
12598
5661
7025
2559
3028
2982
13003
9837
6622
17709
10935
3459
16988
12065
17231
19510
8153
15073
1865
4050
14290
5933
12144
17291
35
16909
14111
7474
17844
1099
2082
9225
4049
10940
6837
9468
16103
3526
3685
858
6851
9203
10450
4737
13133
5757
14349
11024
9695
1831
15841
12774
9294
14322
6666
8278
145
15819
19197
7393
363
8474
12234
16289
10316
2114
9761
19180
10207
14585
7420
13845
8939
8511
19604
8711
5139
5262
10881
1248
8884
3626
5089
4419
19146
1024
1047
17511
19108
3013
1708
2330
19115
1828
4696
17678
458
7954
4975
11059
6404
15218
11619
12597
4877
8229
13837
5613
17787
9623
3423
13010
16704
10869
2001
4506
7693
5561
9229
15273
8456
14380
1715
12437
2073
14415
17493
7845
2524
16407
3895
15544
7744
16065
1439
623
6509
16297
19524
3046
12918
2707
3240
3267
13673
5228
13457
1667
170
1788
7713
4097
10611
11268
8045
9861
7041
7682
14062
6571
13337
8071
826
7527
7232
8871
17870
2191
4695
5140
9338
494
14576
16369
15800
15037
18473
6648
6632
7121
5701
4143
5868
18798
15413
13426
5646
2893
18743
5510
2628
12468
8189
16603
6381
612
11568
9665
14822
2952
11176
7848
8146
12246
5354
18015
2307
9274
9421
9085
13156
2147
14244
1683
16974
6881
11509
32
5909
15080
6973
7526
7697
13817
10020
3271
4386
15593
8508
331
8359
11302
11821
9022
5238
18082
14859
732
6878
13058
15088
1861
15216
9360
14036
10572
14627
3519
19597
10139
11858
17820
13163
2405
4062
9350
7811
2266
5118
9815
14104
16192
3101
14045
16705
3982
1776
18885
7452
14568
19498
10464
3690
16571
18611
5116
15446
5379
18748
16311
18414
18092
12731
6799
14453
6664
2601
1705
545
18750
15539
1293
19084
10196
19031
12941
15827
126
3647
2425
10229
3801
17296
1523
11
19483
13464
1571
4393
15411
17319
15854
13635
18369
1645
19456
9026
14725
19112
13242
15239
16283
15687
14717
8353
6017
10634
15666
823
3762
8791
6276
4519
16661
15680
2447
19531
14702
1236
5694
9788
5999
7638
651
186
6352
7254
73
4490
9056
11826
16590
13276
14729
4694
425
5838
15769
980
17532
8317
18269
8173
18334
577
320
12719
18734
15049
11802
3721
9407
14899
3553
12514
9637
16891
9995
13616
7132
16648
5811
8641
6540
14126
5797
19419
12116
6347
19144
16756
13966
18695
16563
12725
5388
13809
2794
9526
3743
5886
4367
17454
13939
19365
3361
10588
6926
2236
2750
3894
1758
3478
16478
12650
3622
7654
7262
15082
11455
7778
8629
17333
7200
3440
18722
7680
3629
17383
19607
15712
603
1299
3084
13591
10426
9467
14837
11462
14459
6493
17126
16585
17011
14439
12868
13528
10742
579
9938
5783
11080
10882
2024
10281
2504
14989
7607
11763
18776
16653
12352
9603
18477
7993
1501
5080
14547
7966
10670
12237
8563
2886
16136
1673
12047
10301
14751
7315
5514
3385
14580
13952
10975
4740
1953
13281
3325
6306
13633
8540
9247
3845
15415
12444
16761
11215
11278
3924
14159
17398
19315
1512
13956
15681
4435
15390
15669
5978
16405
4888
17330
5127
7469
18070
1030
9516
1211
19043
269
9352
16119
4491
13586
6935
19279
10479
1854
13267
15908
8435
18835
9736
3004
9688
7539
19465
8712
16437
2863
7696
9114
3354
10914
5481
14927
10501
4381
10324
4765
13294
8637
8480
11161
6012
10777
9341
12993
9443
17640
3430
15360
5192
869
918
17931
4768
17704
8542
13051
19317
9389
19135
11012
3088
3500
10152
7003
9915
16262
15032
15924
8346
12803
11437
10234
7075
6014
3700
16020
346
142
13237
12410
5568
13626
12046
7841
9460
9994
7641
1227
5718
10599
3886
13921
8588
7285
15531
3225
16234
6168
18348
11790
976
10094
3153
14711
15131
4384
9390
1489
3941
9864
15211
17587
13143
5917
6592
8009
16088
5805
479
11505
16466
5749
9452
730
10789
17478
14197
7103
13628
6316
1838
17451
5717
3798
10016
14587
11604
9186
18500
2286
7851
15674
5309
19439
6977
12278
11870
16771
2743
19418
3608
543
18752
8190
576
2819
2838
2445
2995
3122
16637
12642
3567
7532
13216
2488
14407
1127
1570
17834
18982
15861
18624
10886
7457
8946
11238
18629
18049
3290
11960
11448
4503
16339
7879
4109
6410
9804
15522
17119
4069
3376
1661
9979
11052
14922
15438
5361
4948
11948
11736
10805
18410
19580
2805
10841
10225
6814
1296
99
6283
15409
1872
16018
4499
12910
7148
16141
10830
17307
12280
3243
5091
9205
15650
12353
7309
7581
7454
15476
1941
8706
9018
7790
718
17533
10142
14701
10577
9269
10962
7468
16378
17155
11887
7004
15956
12826
11128
7964
5966
132
1785
2011
14273
13446
11277
17284
4572
19336
19625
19200
14227
1435
4575
13006
12084
1806
10262
10370
7595
19049
16817
8125
1789
4433
981
1063
672
18143
7016
10757
13274
5439
11325
18548
5715
17301
406
17208
12002
1540
19549
19337
3621
4024
3750
14330
3976
5041
9091
10963
14123
17258
585
3668
19517
19258
6957
6274
7281
3479
3091
6964
3858
7182
9087
6415
3433
15393
8778
16494
18137
885
6049
1469
17180
19024
4297
17015
12504
18530
16644
6399
3717
13214
11335
7323
5267
1
5885
6328
4369
14658
10448
12276
4772
2250
7637
4608
10814
12288
10824
12657
650
18506
16567
16910
15187
3024
6796
11729
4816
6731
2153
13695
16067
11542
11771
17696
16528
2163
9676
19579
5819
10570
1353
15742
4061
16503
11874
1486
5531
5553
15394
3329
11368
11230
7380
12198
17066
11983
16730
4066
770
17723
2773
14919
3711
18534
18260
1627
12567
5378
4839
4704
15302
9491
7886
594
2064
17554
8996
2084
11042
12294
1449
8300
2885
9957
998
5179
14602
14943
6417
19318
19331
6378
19492
14304
13864
4093
3231
14852
8875
7650
14746
11388
7681
12682
10950
15322
16886
9486
19250
6750
14393
12738
15090
19183
1835
6428
9743
15182
8206
14671
9599
5334
8475
9027
17598
40
18120
5964
16396
912
491
18962
4679
9860
6058
1452
10417
17055
18536
18867
15169
14311
6390
17639
16570
2706
10240
5700
17815
11725
7615
6147
905
17405
12971
1409
961
11892
7763
6079
10969
2575
18634
5218
1984
15702
9758
19202
3461
16044
7743
6342
4298
1916
6714
1513
5982
8478
9501
247
17385
9932
13486
5545
18182
18933
13447
5766
2810
19445
1182
17271
6753
4865
2484
15560
13261
9441
4488
14878
19078
5768
3002
18235
18739
12101
5244
5162
5187
10892
11182
8082
3116
13270
527
10832
855
13881
687
667
11159
7981
17758
13060
4408
15487
2294
5392
4576
15307
7481
19333
7112
19619
8467
14018
8023
17538
4562
12282
9672
7506
2910
9646
2195
7226
17375
10987
13852
8326
14825
2853
8992
9980
18462
1704
4947
16749
13287
17178
6155
19623
17531
2418
15953
4944
18494
4829
16948
16992
9795
8555
7975
10357
16971
3402
15897
7135
19233
15513
12313
12867
15696
18583
6039
17421
18495
1679
19073
19646
10625
7183
4850
4444
14016
10283
13641
16073
17283
9331
18974
6722
4007
13561
11423
14068
11116
5498
10058
4302
6566
9517
11048
3288
9296
1090
2212
3898
14258
17777
4557
1068
14488
2704
15368
4076
2797
10474
6691
1551
8556
4635
5370
810
18736
12954
7209
5850
715
5212
15640
16560
9654
10645
15694
8732
19553
15194
512
772
5031
12325
11822
15123
16699
18842
1192
18297
11652
6338
2232
8634
12842
4637
13077
14348
8407
13907
1492
6633
7709
5862
1654
11476
8477
11565
2766
14199
11397
7418
10911
19568
12106
2296
14600
19374
5570
18641
15101
6391
5317
7483
9145
5555
16513
11726
8219
3229
10055
2255
11814
3639
13789
14119
4343
9787
2999
1133
4549
12216
16579
5395
16721
17600
10834
12563
18419
15436
13891
19211
13527
1225
8111
11521
15176
15803
15582
12483
4077
3662
1864
18522
14324
10816
7570
511
17752
13942
12049
16694
12064
2634
6743
563
2443
4759
11471
12390
6176
0
14916
53
6490
895
12081
7602
12905
7516
19614
17308
6492
14870
15145
872
5571
9622
4923
18453
4459
9585
4715
15988
6998
7050
168
18805
3209
4194
565
1940
652
15595
6203
10976
161
8459
3491
4016
9068
14551
12211
584
18307
10654
4760
1506
6002
4276
5503
2913
8852
10925
2617
13813
14040
5292
6929
9571
4806
399
10513
18978
8950
1128
9105
10391
9518
7122
10404
11540
5537
3143
5063
5128
17764
6552
17774
9195
12641
17464
9358
6871
5758
16864
19015
18851
7068
8205
16484
17062
8839
7808
14855
12231
10451
6938
1471
14624
1022
12471
15152
6942
7669
616
13436
16388
18336
18608
1043
5023
7433
13957
4969
17557
9772
1954
19338
17121
16452
11882
12620
10291
8937
1545
6437
8507
4628
18715
3109
9904
15649
12126
2049
19559
19420
13350
17776
3738
15717
9166
2306
12164
15659
18071
6965
5788
11150
1431
11327
18490
9016
15713
17123
6662
13646
3770
1809
13631
14238
7644
8225
11111
5716
10747
10637
1464
8880
2490
1889
3484
17760
17960
696
5155
7340
2211
1046
11945
582
358
6215
15524
18588
9871
16354
4517
674
10980
1539
11628
3492
8162
14871
18381
15084
14874
3445
19593
1640
11744
15828
3579
7573
10075
14594
13250
3663
11490
5021
10238
1094
16468
12853
5914
2621
10321
11030
17910
11645
3216
809
19105
11290
8717
13509
3598
3679
18007
10078
42
10401
11283
7806
9760
7248
13310
8432
7929
10649
17109
8075
10215
10289
3338
1239
11529
2333
5159
5905
10456
3505
17901
12541
17163
18198
1250
13540
11457
4994
7723
3601
17397
18272
1388
8334
15601
923
10108
9512
15494
18338
11220
11266
192
11246
1982
9275
18562
9370
18545
536
8304
7798
15052
7701
9828
11118
17303
841
7245
17256
7044
880
10119
12851
4070
11500
7282
14051
12431
14366
15656
2505
7831
15536
1149
13120
6707
16606
7883
329
5401
15309
12350
4995
14046
16624
7243
592
6117
3630
9230
18446
13623
18401
6271
13919
16107
16760
16359
13731
1995
5641
4164
15173
19358
5530
14714
945
593
16303
17030
4112
7734
18357
1562
12113
10065
3984
7525
12833
372
2025
3915
557
15395
11888
1685
11075
18328
14753
9620
6507
7967
14894
13289
13013
7092
3136
8752
11403
323
16867
11131
10343
11053
2158
18160
86
10828
5227
15677
7093
10068
17566
18757
14435
14845
1057
8735
14994
2284
4531
6623
14351
15822
6766
8386
10503
15231
2278
14369
3037
4017
4703
5748
4756
9969
1184
3800
8689
13330
13170
1146
16307
16843
13263
17632
10015
6454
5374
11816
13040
4279
18820
13139
11992
11487
4651
1937
8002
17046
1245
17556
19494
11112
19107
7176
3139
19363
18678
14506
15612
16005
18659
10999
13442
10033
1368
19208
1590
6311
17552
18493
12374
11944
2008
7443
7850
8554
3446
17946
17071
15051
11674
17102
16645
13020
3724
3314
2983
15336
5916
18970
17602
3509
11010
1087
17650
15917
2282
15932
9796
1485
14513
6589
5171
10268
18552
11145
18237
3350
5112
15548
8572
15996
4120
8109
2416
9577
11102
15190
8272
17413
14085
9009
7042
7360
856
17192
1271
6951
2397
4599
12299
13775
15158
18288
11399
3654
2650
13305
7651
12661
11442
2857
13485
12265
8030
4390
5925
3242
17644
4157
12507
15098
15722
7218
100
6605
18240
18690
3063
5122
6472
13553
2386
12355
130
6254
5032
2587
16348
17112
5260
11758
15172
11004
10383
15881
2963
18635
16092
7836
11090
11897
19403
16286
8974
13110
11755
10818
10397
534
13650
12998
18881
12949
8302
15482
1038
11432
4920
15781
10945
3286
19076
5639
13462
14906
18930
11958
12183
285
7207
18114
19293
12373
3720
273
2947
11357
7406
6854
10412
4179
882
1371
16441
8504
1648
14854
6513
16665
6265
2407
5912
10276
2196
3395
11342
9339
13224
15401
14073
13603
7116
8966
12365
18599
15869
3367
3537
2144
6033
984
8997
5281
7476
15730
17541
13721
8608
5132
1139
14863
14807
12652
17507
17762
6314
4421
8819
1483
2252
5712
19543
14999
1200
11519
10845
8652
17806
16703
1633
12168
9493
13575
7548
6144
15388
11086
1531
16149
8439
6612
14615
10001
12418
6504
575
6551
1021
17050
1117
16187
3953
3412
18770
17390
2711
4204
19256
15471
13697
7985
4751
231
17000
19329
3050
13611
2244
4377
11753
4125
15963
796
5287
19237
7199
12519
6264
16787
9240
13777
4047
13258
10436
12705
15306
14471
8047
1850
7773
18651
11954
93
13158
7645
5721
1616
9990
14076
7030
13901
9224
17246
16534
215
12548
3147
7893
4645
12245
899
14481
1131
19212
16417
5808
12334
6230
4498
8031
2981
8920
19636
13373
18464
9077
14200
14017
15779
13861
8993
9986
4925
15670
6618
12075
10523
4079
19364
2752
16746
8107
2679
17160
1739
11124
10223
4413
18333
2489
18803
17627
3702
1890
6979
9944
10692
349
17825
16865
9213
14035
16108
14270
16826
8862
18418
14344
5951
19575
8929
5320
6068
6950
12411
14755
2746
7150
11829
4352
6207
2
12292
14231
2727
17457
9833
12600
16041
7925
12354
16285
15823
6921
9889
1451
3631
15292
773
10097
3061
3880
13439
7782
5685
7448
4828
13988
9998
18529
17377
7238
8140
2803
10441
18668
14777
5075
3183
13174
12492
4337
17899
19159
1586
3496
7520
18213
18455
14703
11796
11861
9265
2730
7117
13807
8878
5126
16501
14355
3523
2681
16729
495
727
16828
6439
10718
10406
19406
10536
11800
8234
1318
12962
14342
1573
16090
4539
10023
4815
16774
913
6985
6419
4460
13904
18912
2627
173
1552
12287
141
449
17209
10044
19245
13712
8430
3108
19045
5336
18566
10468
18085
16052
10346
10721
15248
12636
13302
5278
9992
5770
9183
17535
12494
3429
15701
15615
19022
18178
10105
3375
12366
8036
13504
18550
15557
183
19505
19300
18707
3680
2121
11474
4177
2279
7091
16010
6286
1345
15534
9346
17512
10768
18547
15832
13562
4321
4172
9829
9061
9750
15318
16960
7941
4394
10025
775
5220
12001
9003
1653
12898
3767
12571
8838
10790
4986
6138
2631
5065
634
7832
5896
10467
13629
897
6716
14332
9942
17604
4909
15432
2103
13963
14523
9179
4088
4787
18872
2300
2057
5426
4902
19643
3664
11485
1319
16100
7502
7890
9655
16426
8258
13620
16870
7584
18475
8106
17501
17190
9118
15493
8534
12150
17978
16458
19068
559
5366
13987
7270
10767
8877
16935
1578
6013
9476
10827
11676
8178
16551
3862
17189
8962
2430
17974
1519
14075
3313
898
1456
11406
3129
12467
9436
8209
6301
2811
9403
16403
14308
16380
6051
16805
9506
12791
8781
4782
12625
5261
8787
7699
3207
19032
1891
7813
9482
13569
365
4402
4933
1902
14189
11249
359
17542
11665
14302
10583
5739
5335
6529
8924
11261
12184
10358
7661
743
3001
8345
9504
19201
13201
16732
10303
3611
291
10080
11036
15440
2193
1160
13296
2770
3590
17629
18607
6206
16680
862
12368
10257
5226
6505
3674
16477
15345
3334
12542
7746
12546
13585
16566
16340
16462
17738
4711
16375
2197
18319
6474
18444
6485
9875
14118
8417
8039
4234
11562
17020
2358
7731
12680
13745
7196
5300
11272
19041
8170
2543
4322
3151
4560
3406
6109
2161
745
8313
2052
6817
17527
17626
2566
1243
14411
853
14444
3251
5622
16263
951
13049
16114
12857
4546
6879
11581
14124
8648
13748
12633
5265
1231
15251
13566
8754
17166
956
4753
2323
10328
4244
2143
7564
17129
4926
5455
8655
17524
15805
12503
16480
1693
5441
13332
8749
18215
11226
9653
4465
17415
8830
14948
4621
4846
14248
12172
5635
1610
13605
10543
17980
16050
8491
14494
10857
2130
8287
16337
17280
16687
18243
4852
11772
12875
4257
10684
2549
19057
19461
7598
18225
8250
16970
1790
3891
16183
7446
11651
8541
936
18437
11026
13927
3069
11671
6266
2391
17546
2363
12607
15602
15389
15899
5173
18723
14670
4407
5802
17268
9330
9730
9748
14245
11099
402
14024
8959
19299
9474
12902
15100
18843
7268
8680
12802
3316
9453
3462
15721
3775
85
1563
15020
7407
12513
11741
12674
1174
12395
17241
989
1054
17502
10445
2292
13725
10052
3716
1216
15030
5130
6834
11013
6601
11615
12356
6795
2203
12344
15261
4123
14417
9592
4450
13825
15561
13348
15507
17801
12711
15140
10095
6120
6056
8066
2666
1869
12532
705
16643
18649
1798
1877
5849
15222
5489
19574
8267
4800
17891
8204
4342
15933
12678
4721
9671
12161
10449
13022
11121
12893
5586
13417
3763
1926
16892
5454
11006
3493
17240
18150
12213
2998
11234
17227
7996
16822
17028
10063
16178
8385
8245
12023
94
8095
16498
4403
1868
12816
18839
3946
19620
13753
5509
15428
17865
13593
18981
6953
9396
14381
10425
7341
13679
19006
9007
1205
11965
9822
15664
12783
14499
11878
15527
9210
3134
10756
17577
4570
6107
224
1676
13105
19585
6371
9534
14652
5928
17143
6774
4445
15715
9575
14157
19327
12212
7471
3954
15790
11409
13264
2115
14815
12071
17251
18515
7094
1823
13762
15253
1615
9789
14317
10545
821
4152
788
7946
5938
10973
1958
13910
13165
5387
18131
19310
10261
17300
6291
13894
2715
18351
10047
17341
7802
19042
9156
2050
1025
9260
5576
10310
8293
2608
10086
3637
15072
19097
8006
12336
16802
10521
11564
3576
6466
2463
1325
8936
267
19047
7620
7212
8161
4387
11569
15555
10695
15538
16195
9397
9800
12173
3673
17715
11751
11103
7796
1484
15247
6227
1294
6160
9025
12687
17072
8228
5837
5263
16739
11690
13784
15766
17455
5136
8079
16578
4264
7242
8292
15866
11597
15160
4626
10407
9767
18558
13249
6243
4072
11002
368
12716
11770
3043
708
2423
16837
16127
301
18152
5956
16850
10880
2406
6995
7839
6520
8550
1374
6852
15433
18913
5829
14810
113
11041
338
19612
2155
416
6197
12085
18676
2599
5875
14788
2865
1983
274
8705
4202
11014
4485
10559
5482
4946
6831
12465
15608
7000
10956
61
14210
678
13284
11742
16871
16943
19422
2498
5488
15330
1322
5818
10350
8763
5735
3328
662
2919
12696
1829
2822
2207
17188
2686
7036
9241
15976
8897
2477
6897
14910
374
6824
18502
6032
8093
252
7102
13048
15317
10786
12387
2346
8958
15942
18090
16038
4937
2340
17553
5910
8942
12360
7301
7523
6990
10490
614
11201
18330
9966
17514
18807
18924
17388
7399
11853
14959
2516
15707
16082
13691
15639
9181
13493
14491
3076
4085
2659
1078
11649
19016
13645
11502
4285
11470
7819
435
14780
7018
5355
2932
19647
1394
7884
13981
3531
5242
19278
14142
19478
17080
13917
19484
16830
14246
17221
19079
8888
6919
9129
5540
6596
6952
10487
3983
12761
13210
2218
12420
15284
5690
118
8753
11356
3138
18458
570
5478
13771
18436
9249
11787
7625
15229
46
18482
14520
15915
15214
2596
13855
10602
5295
2325
8620
7601
1365
205
17304
3012
15379
14122
4911
8068
17288
15567
17989
8743
7197
2884
1601
11871
14947
10489
9337
16912
10351
14310
7995
7293
4497
16647
13632
18065
6026
18144
12712
9438
15655
5893
9867
5993
864
1437
8176
648
2412
8691
18571
11284
14944
11056
1470
10210
4639
12772
8171
16757
184
7768
11412
7583
6826
13719
2589
3254
12382
18511
11311
7828
10855
14473
5346
11747
3777
7038
12249
1402
18806
17295
4733
14519
4451
6065
19640
17033
16686
14338
5816
6576
3426
8378
15227
13648
5321
9981
7015
9137
7888
10714
11081
5445
1055
4136
18491
11812
11594
18106
10784
18497
19153
18697
13560
17257
7069
17981
18826
8401
1401
9430
3547
13362
12478
9746
19513
1795
19061
7394
8709
13949
12426
7878
12425
7273
11247
10342
725
10519
15311
5460
7509
5517
13489
16639
3305
4255
11221
2692
13843
13779
12702
18258
13144
12254
6721
8668
5363
5340
1629
18421
8012
1887
19615
2374
1343
17745
4561
6515
6006
12631
9089
19432
16419
17443
14174
3164
12030
309
7179
757
7536
8041
10597
8008
17669
5154
7269
6980
11759
15758
13042
11704
4472
11708
16272
10990
12236
16846
12737
11222
15363
11071
12750
15798
4100
8199
10131
3054
2428
11133
11550
19027
7835
12136
3861
11049
18647
92
11818
15993
13928
12167
13662
7777
5008
10796
11025
25
975
13935
10835
4468
18644
873
9394
1908
16182
11310
19243
4976
16257
12764
6262
390
1141
296
1770
8026
19028
744
17272
11756
2421
1614
16242
9386
4396
4473
13050
3727
1254
16146
2598
18012
1390
15406
18866
4207
15451
2233
13385
17169
6640
7131
19281
15204
13678
5647
14399
14353
19326
19170
6395
6916
7144
12554
9420
7181
9640
8912
19262
11774
12185
13867
4099
5559
5935
17950
13913
16617
3396
14917
15752
8730
8360
10903
163
10535
17041
15684
14335
9164
12393
5458
18122
1755
14774
10169
6533
437
6442
9701
2623
1320
9315
9598
16
16526
1925
2962
5920
13757
15349
14973
17462
16524
7535
5424
14930
14588
14213
14454
9290
10365
8654
9125
4416
14478
5648
410
102
5470
2739
8486
11551
1125
16999
870
13124
9806
6373
3297
19280
19050
7655
12718
10032
15422
10563
15817
10861
17442
10691
13698
13127
10520
5557
1289
12627
14737
13423
15673
9262
8034
1948
19178
7597
16162
5456
14375
12922
7381
14433
2258
10978
11844
2501
6346
3159
1240
7214
9733
11239
3981
17653
1697
14394
17407
8755
16265
13761
15688
14067
1232
4484
7704
974
16075
11157
18128
19124
9140
16575
4692
18400
14941
9174
6717
14171
15936
18327
4803
15922
3010
11492
11971
10550
15578
14507
6430
1720
18993
14492
2972
14347
11459
13911
3080
2895
16045
11641
7219
4026
14395
5119
8616
4929
10484
11303
10517
18474
19500
2814
3393
2385
434
15638
9126
14640
2570
14249
4324
14363
17075
16454
2644
373
6920
5306
18620
5271
16629
17727
7945
9464
18324
16109
8453
8585
3900
15381
4543
6090
4799
5273
4987
6327
1066
17429
7010
14431
9656
17739
14440
19017
6669
18512
10705
10320
1567
10648
11974
6179
3485
8268
2941
14278
3863
16995
4867
13597
9434
19548
4832
14312
7546
10300
8310
8595
17327
19131
17767
6768
3382
13989
3824
16544
3999
7725
551
5664
9799
6045
18832
504
1135
2360
7161
6547
19330
9185
18187
15462
14695
2015
15166
13199
4132
9045
11637
18918
6785
225
10991
10037
6087
13826
991
1459
12739
8578
10547
12262
13161
7051
18480
447
3939
19398
10173
12438
944
2812
840
5878
4791
19156
14554
15901
16126
10189
15504
11330
4309
15257
19128
14748
328
13609
2150
18294
7997
17606
7289
12623
16532
18286
7714
15059
3234
9223
11313
2735
8211
15893
3593
9926
722
16002
9545
5707
5644
16845
16201
17663
18345
564
3226
6902
10473
5949
1103
19567
7568
1359
15392
3247
2767
11171
3262
6387
15078
17594
11438
12576
10542
4001
1042
18854
3527
10218
16922
802
3985
14982
13115
14262
1037
2835
7412
790
10165
6819
1302
6028
2371
15013
4843
14808
17545
2239
15454
17358
7320
16504
1255
10701
10515
17165
6894
13203
5565
13184
3624
17250
15636
8454
10922
538
16696
14844
8961
12593
14070
6855
13747
6040
4348
4374
11985
13638
15718
11117
7104
1628
18796
17412
12128
5406
10433
13640
9763
9147
14903
4119
3356
16134
18759
19312
12371
9340
12829
13744
5163
11375
14090
12510
12235
2469
10907
2098
7868
18891
13440
5004
14550
11823
3970
12733
2460
8138
9193
6063
7630
9266
8710
15067
13035
14021
13347
3448
19547
19584
11867
19616
10113
11739
12512
5679
18865
13820
14795
17233
8951
14531
721
14056
7470
18368
5020
11151
1593
7403
3697
8869
18967
8916
17695
10874
6813
16024
11271
931
14295
9883
7419
17226
13794
401
2116
13661
933
12222
10773
18332
13111
8601
2722
6075
18196
14087
5554
8429
1229
2690
10540
17997
8623
5764
16096
11354
3071
5420
10612
9863
14028
9712
7014
14840
16855
8526
2978
17585
16445
5324
9198
17460
13364
6482
3677
4530
17191
5957
11709
5881
13217
16740
8059
18047
5790
15450
12882
10444
10778
2639
8212
12776
17150
13322
15592
12034
19562
14625
39
16198
2658
15980
6366
7049
17630
15643
12528
17810
7876
9431
6898
13980
950
11856
11585
5992
7306
8721
9044
6335
1721
1468
17048
19369
1987
7223
1119
17728
11734
11223
12430
16903
5636
1270
5560
5817
10254
3348
2525
7864
15092
3958
12756
5078
18700
13838
5360
12042
10630
4931
6994
16154
2717
13178
4025
1979
8308
13625
5573
16811
7099
9836
9115
1800
16981
208
12229
5375
7994
1947
13511
1274
16548
9635
13558
17431
2636
7184
11600
10584
11715
18774
11668
12165
11941
18257
14821
17007
18239
1834
8813
1224
18105
11067
3903
8455
4896
13400
335
7874
1620
14983
9659
10230
17558
5359
10018
1899
12469
9041
7544
2845
18233
18077
19140
12372
8635
8671
12010
17199
6727
19302
16220
18282
2637
16716
3497
10176
16451
6119
5476
3048
16357
11691
2823
14752
3883
7820
3848
14691
4220
14390
834
12980
4761
8468
18749
6598
15286
4890
8748
8703
6643
14626
6925
10995
288
7708
8358
4820
16925
7239
7605
8865
6154
4619
8527
8562
16160
3379
160
8505
2280
528
13836
18569
16535
81
17459
16576
15380
1559
16151
9546
9148
1660
19506
18366
2879
10992
15335
18730
13523
2840
4604
2806
12480
11876
3414
14950
12007
264
1694
16489
15495
13118
2662
1311
12609
14739
1981
10820
14149
3456
14553
11324
11381
284
11921
17936
8024
2336
4379
3275
14039
3208
2396
8492
16726
14675
19528
16099
17794
10508
18005
17885
10007
18555
10919
9446
5890
6418
13333
9996
2332
9426
17805
3896
6943
5347
17101
4837
14952
8357
6874
7540
16308
10438
18943
5618
3449
9138
18537
14216
14846
7759
11517
4058
12845
3437
12771
13301
6645
15212
5691
8253
8784
9720
12921
2010
11506
6726
10371
13880
9823
10753
9222
10616
9399
6282
16488
18898
18154
8351
6741
8859
13319
1120
19578
15744
9398
8319
13136
12522
7728
7342
2327
6180
4127
4513
10437
14382
14663
17312
16789
7840
8397
6162
13141
14649
3766
19044
5941
10440
1385
13012
16708
14651
2061
16681
13408
11120
9820
15846
16275
18396
4622
19090
3600
12087
9415
11414
17902
17081
5249
6222
16402
9498
4725
6491
16520
1503
8918
15426
10400
1092
19346
15689
10053
9604
14958
6275
19485
1118
14328
14173
16882
97
737
606
18777
16295
2699
12389
1020
9471
6586
2054
14376
18197
14781
13023
8150
4335
15165
11110
3211
9660
11730
2935
19199
18460
6268
1762
1386
9593
11365
8134
7387
11877
11269
11999
15818
17148
11677
15016
18179
6004
18227
814
18686
1461
8995
2537
15635
17589
5671
16104
14727
3710
14108
6584
12770
1106
1331
14448
6940
14946
12020
1598
11250
9050
18254
3424
83
9566
8642
12930
18603
7395
16502
19561
15802
1162
10849
19089
7510
10641
9211
13740
19228
7336
11044
18031
2565
473
16782
11900
1845
7357
3820
3741
11158
4107
16455
547
5077
17967
19539
6332
13955
123
18023
778
4273
12693
17065
13019
2487
4391
16315
5687
2521
4442
18979
17410
4720
9348
15012
14144
18507
10782
16900
5776
8371
13342
6849
5660
10151
7592
11319
2189
3582
13427
5630
7171
7337
6642
7156
3932
15969
11493
8315
15747
4280
1383
3971
9718
16414
19026
5274
5943
14288
11038
7442
4057
2969
14077
2765
367
13692
9940
11307
14154
11348
1847
16927
1130
1396
7272
5114
1950
17365
2494
5726
14880
17254
1561
15266
16448
6803
11683
15801
1460
18539
18541
16733
10145
17098
18657
2923
14535
16490
16990
2369
2055
5769
5491
4163
11959
7390
13125
2922
14222
9702
7809
10133
4372
108
15795
6719
12388
8261
4741
1036
14500
2403
18994
18756
12821
7853
14235
10427
13708
351
10312
11687
5698
18274
6764
13212
3671
8330
12066
14148
9015
17234
9414
353
2180
7834
3892
17628
12032
484
9359
18772
6129
1607
2651
18824
2815
9810
6392
16217
7431
4368
10124
4048
12459
2513
1880
3705
13370
3184
12274
4965
505
16747
71
14592
14191
8365
9613
15044
16895
12975
12870
17928
13401
14205
8722
2351
9699
1350
3561
7053
15468
12413
9199
6340
19033
18564
12517
10267
11123
8502
2365
11661
12039
11344
789
17768
16249
19099
8697
12190
6405
17572
15147
354
16328
14669
3040
19558
6763
16409
2918
1712
14920
14096
7524
13844
4035
15591
13884
13854
19354
15856
10114
19360
17350
15598
12104
13885
13627
5959
16660
9554
4284
341
758
11364
7635
2536
19056
14474
11007
1441
11301
9854
3978
10854
16663
4469
19594
13113
17724
10435
15968
10624
8291
12445
7572
17963
10728
13754
12063
4355
8539
4793
13087
17399
3387
9869
5313
4219
16779
6433
12481
12937
6856
13277
550
16064
2906
8841
1650
9529
1061
19271
8063
7314
5255
2979
7554
17732
17060
3905
11082
2094
13253
7750
15543
2946
4176
19381
10632
18626
8001
3782
15986
19362
10118
3349
18966
3312
7626
8483
4588
16209
16658
7514
16229
15126
19213
11783
6582
13222
10087
3051
5765
16393
16017
18251
1151
14614
3546
2241
13733
139
15885
9850
2629
4217
9136
3386
5848
11211
16133
17717
3638
14617
3383
7678
14392
18573
4844
10021
3343
630
12337
5724
9734
286
8976
7451
14225
12508
14479
2801
12942
18788
10877
10459
11069
18273
11613
6414
17808
1765
11622
2949
12304
3514
6945
11743
14194
219
9261
9737
8887
9051
15155
4682
8740
3272
4540
18590
1852
13312
14830
3562
13711
17366
1212
4603
4977
5741
1791
18190
3731
4406
7404
720
8663
3163
12653
2809
11920
14254
7507
15651
4428
17032
2548
13903
2954
2561
16095
14421
13365
6588
11072
8696
10388
19486
8409
15141
12520
14272
5247
3643
19632
8799
5894
960
5548
7716
11872
15304
13458
5049
17499
16987
13007
8044
2181
19291
14404
19626
13445
3659
9513
6345
14672
2468
9455
2228
17419
2600
282
11469
5435
16646
12715
11933
3920
8960
5898
9930
7493
10116
6756
17895
15726
13293
16675
11592
12033
14706
4593
5828
19587
10968
1100
1536
19606
12151
3296
15492
1662
16432
7265
13622
15132
554
9771
10109
608
15985
3542
17710
12831
6888
1853
1596
5059
7943
6236
3689
18874
7933
9551
6620
3235
9072
1423
16167
3398
9884
7604
17368
13269
12723
19437
5991
2108
14631
18662
16314
12818
12907
15755
11784
3646
11312
5438
10220
10381
7703
289
2079
16685
13530
3902
18560
227
11299
8557
2761
14178
4059
11251
16908
10700
3520
12871
8512
18677
14789
303
18597
5487
2604
15062
10658
12308
17921
19503
11910
6579
15626
16361
15470
19080
15104
4482
10013
2436
19270
16954
2541
7729
10553
9574
14352
9832
2898
4889
4238
1366
4385
9792
16508
811
7384
10510
2226
6692
18315
7397
8553
829
9559
4319
3055
15653
10930
14692
5170
8426
13137
4270
13096
13783
14879
19601
18130
16762
8979
833
948
5662
12154
3277
6105
9943
19113
12876
5942
13829
5469
436
3588
5785
6157
11282
18540
14468
10345
13655
12376
7276
824
14057
1974
8891
18525
119
11860
2500
9014
7685
7846
1097
8222
5927
299
7764
7361
6499
379
684
18988
3950
347
18089
7052
10454
11819
12759
11322
4788
19550
10713
1049
5806
15344
16795
7427
1526
18386
19448
1602
10153
138
19132
14286
13352
5314
15586
9955
7260
7664
16710
16806
2800
17012
257
17659
12577
13406
12892
7774
6412
10143
7837
10740
12490
7779
1912
17569
15916
7905
647
702
16759
10532
12858
5343
9321
573
4073
6121
2393
10715
1724
11037
1893
7312
3201
15895
11392
12691
9238
1867
14939
4494
4262
9561
4990
16621
18276
5803
10600
18551
496
10048
4750
11547
1696
2510
16841
4743
14583
17539
12602
776
8990
7791
9878
11973
19216
14403
15277
10273
6610
1636
14634
11393
18108
12011
14293
19496
13806
9349
2688
900
11868
11068
6627
16666
5474
9663
3521
11535
15159
3744
15704
15708
11866
6844
8224
16952
63
14584
3642
5996
18849
7856
8647
3036
17563
561
4186
2531
11243
8144
11578
9237
15303
15815
344
13724
7501
7867
14132
6136
14709
16858
15753
6379
5129
9419
10779
17798
11281
17615
9548
10352
14042
10533
10395
6865
14011
17286
3704
18342
3468
14130
16313
6867
18580
11304
18100
5229
11895
16773
12834
8325
13461
10916
12796
7917
5965
1095
10453
8828
18710
9710
16362
5391
135
7533
17116
9384
769
15695
5526
11194
6370
13619
18922
15320
1576
1597
10446
921
16790
10396
11901
6477
12634
4614
5186
14931
8446
8388
5473
16143
9363
13134
7125
12585
13422
17146
17570
19541
16299
8037
16913
14162
18790
5825
1267
3341
4448
6374
8376
5544
18350
19554
14256
4667
13009
10293
946
16356
8155
14261
12335
174
12239
5166
4144
18256
6103
12220
734
17580
13122
3732
444
5756
710
15099
6143
5831
5854
12925
2901
4307
17449
5001
4241
14065
17096
15111
10751
17686
13272
2262
3666
13055
4489
3507
3678
19308
3165
16896
7751
9967
7096
17851
14082
9862
11650
4139
7203
10856
17198
9754
18767
9716
2388
1188
2335
2714
4441
2246
17588
258
1885
11510
17919
1407
15983
4246
18920
5904
7560
3113
19450
7349
1609
9658
11862
7086
3776
9959
17735
3100
1264
18801
13690
16848
16565
12864
1617
10227
6027
8714
11083
18062
5339
1467
820
17905
9925
9949
18858
9036
10138
15119
2148
917
8324
16471
5224
14282
14861
398
12939
14139
16727
13434
4532
8242
19167
3081
17068
5276
8083
7909
18112
13961
7374
8983
11946
9475
8381
1623
4574
14031
11139
1376
794
4108
12635
4027
706
6591
16453
3320
738
3058
9533
14571
4008
10091
8131
4290
5926
12051
15556
18771
12025
1075
11122
5102
11765
3401
13772
10762
4555
5528
5433
971
14416
4866
6873
13123
5246
5759
7024
2004
6650
525
8347
10606
595
18501
16384
5695
12048
13088
9332
1349
17894
14121
16226
6937
5589
4674
16955
4415
1406
14502
18189
18745
262
15934
15449
19240
11648
15063
5214
19468
17953
14823
8466
14446
7447
5016
18232
7920
9704
15001
15540
3023
919
9706
677
12820
8503
14689
11596
4758
15002
11402
1525
14593
10049
731
6797
3787
16958
5581
12178
9984
10605
12061
9326
4551
11155
15314
15597
18046
15574
13936
8479
17021
19463
16881
19654
7707
10329
5039
8573
11088
6559
8701
16464
10217
12501
5987
12668
18953
3806
4376
3106
2318
1625
12155
4154
14331
2364
16342
4801
19249
16389
17958
8015
2450
4805
12121
8818
17924
17490
5813
18894
13204
9216
6232
17771
733
12094
11601
14654
17105
18575
6560
8350
11682
12298
17298
11841
5211
15883
9923
3934
903
13079
13975
16767
1882
12397
15888
18997
17900
10842
10888
3416
10290
867
17176
17785
9555
4336
694
17367
18017
5944
8187
6815
16510
6009
7807
10529
14509
9762
10136
5533
18259
765
7935
10821
3397
16271
10964
2974
11891
8422
2635
3708
2023
11349
18958
452
9729
13468
70
7277
7295
13634
5108
6518
19341
2726
8283
15026
18310
17872
14598
8081
9838
19283
13241
9130
12675
3495
17983
16266
7298
237
7675
12621
14911
3092
16046
19571
13344
6830
2125
6167
19481
16276
16070
10567
5486
1185
3274
6608
11435
17097
18224
7756
9308
6827
8664
8202
15329
14951
14167
17157
6146
599
16594
12940
16317
16901
601
5496
11235
11055
1083
2289
7913
3066
9232
14543
11164
11859
14667
5674
14443
14341
6802
6767
18439
7854
18004
4968
12545
7070
6715
11288
1473
18083
7617
15403
10315
9392
9580
1537
11762
11179
11062
16877
5197
2939
15228
11168
17134
9221
7720
8108
2655
8591
12488
861
17991
18998
1413
4339
16920
12656
1093
7332
4893
15057
8213
7173
5209
18212
9324
831
14489
1744
1886
1457
8402
15910
9120
8854
179
1056
6868
15754
2373
5502
17984
7162
10693
2674
4188
13082
10398
18763
8370
18878
11696
1375
11413
2567
332
13871
4569
2074
7299
417
19194
2851
8384
1656
9564
6042
4230
17857
9722
18595
14530
16190
6693
14134
18041
2685
18861
15831
14704
15558
17882
5983
5689
16210
15770
14628
13074
18784
16625
1936
8133
1026
13318
13465
3363
3887
12103
16778
8255
17321
1082
14665
11707
17562
11504
5033
10024
11675
18058
16737
2710
18292
13979
2223
9679
13228
9906
3380
679
4378
10224
4463
4501
2508
14449
12130
17179
4479
3482
16288
10051
4354
13821
7436
17736
7877
3802
15414
2342
15022
2227
12122
7090
5958
6140
19120
19497
1096
14740
11358
12451
14561
1630
7706
1058
7009
5839
13279
4045
6426
17526
19512
10749
8672
15732
15663
18376
8128
7508
2136
7930
6811
9190
2585
2459
16253
5409
8991
5520
6350
12016
17634
16851
17927
6639
9160
11477
9381
13848
18663
5760
4521
217
1287
5919
12586
9866
11527
878
2499
18717
17239
12946
6754
4545
10506
9897
6219
10710
17069
19324
14541
699
8644
16605
10266
19307
1827
14074
15441
5034
4029
19335
9154
5710
4899
7582
16332
5789
17077
18384
2375
17965
2572
11525
10724
19380
11915
12472
18888
3126
3742
2581
10722
6993
3324
18855
19429
18405
15510
15989
7596
2299
14536
143
11970
10092
4775
2353
16344
19644
15265
16310
6772
3006
4997
3132
19060
16300
12006
9805
17473
15872
10107
3840
3111
9638
10294
7619
2398
11209
8404
728
6128
18248
8571
6736
9347
11337
12749
5096
16086
7980
15809
1780
7580
12852
10482
13130
17185
15502
7753
15479
14339
11240
7559
6587
14528
11810
12640
2530
10150
3696
15361
8758
11297
148
7901
4861
7772
2493
5771
16521
16207
2852
13404
6882
7071
19452
235
17161
13865
1101
10628
1111
15797
3400
2798
6555
10226
15727
10610
8389
14280
4636
18704
2056
7011
1500
2036
18246
5342
2613
18094
3038
16368
9182
8499
18859
19127
15542
18665
3913
4043
14572
17672
10056
1179
8911
1988
7221
14483
6062
4455
14872
17581
13782
408
8898
17873
15177
9807
18972
18755
14052
13776
18585
15391
4310
15142
10755
10666
210
13252
4882
17812
6231
959
11488
1124
2359
906
16500
9083
9631
18718
822
18068
16215
17416
17495
11969
15904
10800
13578
3025
13508
11339
13738
19188
2867
1966
9279
14953
3059
8514
17436
5144
4487
11830
3034
15191
156
8158
2931
15249
6071
10538
6655
10731
1592
2234
7217
1086
461
9547
6843
8249
13490
13081
18107
4952
18744
8148
16433
3428
16838
18365
8104
10333
11095
7188
10084
10924
6076
1702
18579
4601
12078
4848
9531
18325
29
16057
1842
18524
12487
16944
6524
19446
18367
17363
12322
567
12557
11655
17
4567
18467
7237
2043
17994
10712
11925
1040
2592
5282
10306
3258
6440
3299
9306
15690
9993
6315
10763
8965
15077
10244
14876
11367
15031
11411
105
11955
10046
1300
11716
8217
14896
14569
9387
5858
7659
10192
10541
2689
5349
9030
13941
15357
10258
5452
17613
2839
18479
3694
18312
10566
6471
4095
629
8471
9141
6247
2760
3390
10038
18577
12378
18323
14233
2256
16376
4083
15340
10488
14115
18813
15652
5371
11917
18921
2670
7957
6759
6528
14942
15079
5506
6334
14048
3539
15055
17171
11778
17703
4749
4320
12493
8352
15481
1333
1071
16202
10247
8639
206
4256
10587
8627
11950
2379
7872
12708
8243
19177
3340
9528
18584
4665
7258
19351
7308
626
2903
17701
7296
11336
12401
4709
17147
9827
11982
11066
5804
19415
11791
15935
4640
18266
2400
9075
3964
16656
6139
15209
10003
2012
5204
13177
13985
11446
4115
7489
6912
4140
19215
3851
784
11964
8866
12171
8244
14805
8197
8548
1107
5686
7124
15606
9208
14297
17036
5427
6932
17058
3764
761
3584
14334
749
13138
17352
8078
15003
11956
120
3362
114
6877
14811
16094
11245
12457
19294
14450
2291
2037
13653
3141
2200
19588
2871
14949
11362
13478
3874
17317
5572
2953
6159
10688
6905
1153
2137
14236
6041
8110
8631
7234
17859
883
9852
11016
13749
2556
16128
4680
12982
6288
8858
1487
13448
2167
9319
2139
11387
14377
62
1161
8615
18079
11479
3488
2783
4074
16139
12828
2267
6372
8552
11561
8264
13273
1222
18214
924
9410
9831
15027
5418
533
532
12175
10012
9677
8684
13781
15431
4849
12720
18868
11507
1154
7842
8685
6893
1316
19151
18454
5859
7034
3632
228
15108
10687
10746
3790
17260
19320
16098
15529
755
3171
280
13654
117
17691
8525
13808
6733
3713
1964
9582
2420
7588
17162
11408
18628
281
7852
5145
19053
1476
3032
14629
18714
2109
717
6164
364
12141
7152
12644
204
1668
13986
3186
8742
9231
9171
3836
230
8800
1424
2259
635
6367
342
14842
8303
318
191
18203
3389
11629
19435
8626
1637
19538
642
1991
18043
4277
221
5505
7261
1855
16764
1782
7324
12991
16894
10677
15429
17197
3809
11689
10761
6001
19515
3210
12428
17583
4724
13192
11391
4690
9220
14284
3237
12345
6703
17939
11225
4547
4358
5201
17823
19069
10030
12777
12812
18785
15374
17935
15197
10002
2448
19396
12617
13977
8809
4122
2684
5156
17090
17315
3870
589
741
47
2467
12306
9479
17929
4602
6967
12582
10549
5045
1690
19248
13958
12312
2872
17027
1588
10106
15909
16813
4554
17217
15521
17235
1768
14992
15333
2080
12170
5833
6060
9971
15274
17361
13642
13383
10
9961
2225
16463
1994
13760
16392
5251
10734
2680
7331
13765
4250
9165
18030
15785
3912
4055
850
3835
4705
7903
11528
11531
5532
5407
16219
11809
14853
16404
8590
6322
876
316
8690
18906
10163
11807
5193
3259
11951
16382
13552
13034
9177
16996
17354
17008
431
3973
17372
7488
18001
17083
4160
15992
12460
10059
11076
5256
14747
19305
2087
12604
5626
6420
2753
9960
9382
10948
4949
12895
15474
11579
10318
14060
18528
3799
6
9151
15645
12285
7629
9423
9922
15824
4034
2683
4508
10249
12660
2640
656
2220
18346
16319
15784
12926
14409
10022
8248
11187
18249
5950
3282
17802
1510
6295
10336
16246
298
4053
10665
7290
7670
15660
150
17369
1389
1144
15305
19209
16558
3706
13536
3477
14291
6816
3074
6578
12333
6369
12346
17646
3370
19052
18853
8870
16027
6646
11633
5855
5729
14742
14909
2104
14907
16309
12271
10130
110
16316
1759
2287
9320
12729
645
17248
5602
2802
15896
200
12370
317
12153
10416
14434
5663
19433
9069
10485
16511
668
11834
13664
15889
15520
18086
9669
9569
14300
1965
2320
10251
16157
4817
18594
18029
469
16377
18000
8834
15928
9846
689
14674
4585
13875
1339
8051
10447
17259
8677
12072
5348
2105
17400
4334
17225
5984
3309
15398
9449
6018
6224
9808
14804
18856
11657
14226
8970
15568
11292
16527
14589
7794
9982
10499
801
6971
5358
12550
12394
16709
17992
3317
12573
10019
16479
14055
7377
18301
2933
4769
19436
8686
3425
12694
17505
14857
9724
15771
7531
15576
19535
7694
15404
6250
15300
6423
6005
13084
16172
14408
7392
4373
6016
12537
19226
8086
16863
3959
14232
7429
423
7072
8798
8815
10418
2288
6982
10652
6186
16131
9418
6839
657
11045
10382
6020
10332
9965
10000
1836
17898
15352
14152
691
15074
19286
2552
8971
17073
541
4011
4879
19638
17633
16169
11575
5208
15085
14364
5412
12785
10309
16006
8522
10696
3021
4656
2678
14524
9149
19122
12863
1044
1479
8485
15675
16374
2696
7511
1006
15515
5566
180
8194
17845
10873
17793
3667
2762
3511
10183
18039
7378
18018
11449
16724
5915
13131
2304
9367
15622
12362
8549
5181
9284
3796
8895
15610
8290
5231
14712
2542
8789
17783
9756
18503
1999
1286
322
4106
19627
16446
8769
15430
2612
19218
17832
9511
14511
11559
13804
19402
1706
1985
8295
19034
2673
3422
15804
5871
2926
3045
18383
12589
1508
6667
3712
4786
4227
12960
1164
18601
10036
2066
9369
18063
10074
4383
14564
18655
1321
11723
11511
11748
17816
8575
2030
4411
8137
12645
1028
8269
8747
11444
15217
3644
7134
19560
17996
1775
12351
3378
8643
581
7881
3909
11186
15845
17428
18308
9157
3517
11011
5161
14015
9043
16869
15692
16243
1354
6525
16399
18518
14438
14401
14467
18617
8025
1187
2101
9715
8323
2546
10366
6511
7863
6457
18261
1701
13505
16025
3988
11454
12339
3031
18102
10359
580
15503
4959
17689
7537
7643
18764
14883
19491
10330
3818
18543
277
12730
18304
11938
9753
15987
8470
188
11142
5608
15174
12681
11468
6320
4675
6112
4830
14529
15280
8318
5763
15224
8977
1824
16129
8746
7688
15341
3200
16942
7444
12669
12045
2597
3073
18955
7801
4591
8907
13467
15940
13437
13703
17201
14996
15035
18373
7885
16349
10783
10979
13780
3197
10609
4978
9109
17037
12596
1635
628
17095
5946
15512
15912
5028
5634
7673
11593
13386
1266
19048
8445
15811
4331
9927
10166
1801
3441
11673
18780
14285
16957
19181
2479
6697
8312
17775
6201
17498
14604
11813
12822
5199
19347
18969
13947
7898
16277
313
16906
16763
12670
5447
7622
3926
9794
15618
8676
19427
10103
1234
10838
4359
6671
1018
2736
10374
18781
1904
11170
12040
17772
12813
19590
5302
3007
11516
18390
15007
8481
3633
1314
18989
8169
16199
2945
11749
17561
16186
8193
4842
7190
7375
14218
2539
2590
13993
9364
16868
17122
2713
12293
13799
6359
10791
14041
16911
1764
19472
10929
12947
17979
11276
15706
9116
7348
11963
17636
19125
7797
13953
2503
4366
7495
15946
5098
8392
4845
3847
6621
13221
15135
682
11418
11135
1961
16598
838
12485
17948
9570
5877
13563
5332
13639
16496
16556
15911
13108
7938
11991
2682
12038
2231
8237
14098
724
12052
7449
16713
3337
50
16700
8832
2568
9749
8368
1051
7752
17945
18684
333
15878
16718
3739
13694
13682
11686
11360
7869
3518
9644
7458
13191
8756
17019
18126
18192
10341
197
2408
17969
